loop_1.thisRepN,loop_1.thisTrialN,loop_1.thisN,loop_1.thisIndex,loop_2.thisRepN,loop_2.thisTrialN,loop_2.thisN,loop_2.thisIndex,thisRow.t,notes,guidelines.started,text.started,key_resp.started,guidelines.stopped,key_resp.keys,key_resp.rt,key_resp.duration,find_1.started,text_2.started,find_image_1.started,key_resp_2.started,find_1.stopped,key_resp_2.keys,key_resp_2.rt,key_resp_2.duration,baseline_sa.started,subtle_anger.started,n_1.started,n_2.started,n_3.started,n_4.started,n_5.started,n_6.started,mouse_resp.started,fix_1.started,baseline_sa.stopped,mouse_resp.x,mouse_resp.y,mouse_resp.leftButton,mouse_resp.midButton,mouse_resp.rightButton,mouse_resp.time,mouse_resp.corr,mouse_resp.clicked_name,main_sa.started,subtle_anger_main.started,mouse_resp_4.started,d_1.started,d_2.started,d_3.started,s_1.started,s_2.started,s_3.started,fix_2.started,main_sa.stopped,mouse_resp_4.x,mouse_resp_4.y,mouse_resp_4.leftButton,mouse_resp_4.midButton,mouse_resp_4.rightButton,mouse_resp_4.time,mouse_resp_4.corr,mouse_resp_4.clicked_name,find_3.started,text_4.started,key_resp_4.started,find_image__.started,find_3.stopped,key_resp_4.keys,key_resp_4.rt,key_resp_4.duration,baseline_ca.started,clear_anger.started,n_7.started,n_8.started,n_9.started,n_10.started,n_11.started,n_12.started,mouse_resp_3.started,fix_3.started,baseline_ca.stopped,mouse_resp_3.x,mouse_resp_3.y,mouse_resp_3.leftButton,mouse_resp_3.midButton,mouse_resp_3.rightButton,mouse_resp_3.time,mouse_resp_3.corr,mouse_resp_3.clicked_name,main_ca.started,clear_anger_main.started,mouse_resp_5.started,d_4.started,d_5.started,d_6.started,s_4.started,s_5.started,s_6.started,fix_4.started,main_ca.stopped,mouse_resp_5.x,mouse_resp_5.y,mouse_resp_5.leftButton,mouse_resp_5.midButton,mouse_resp_5.rightButton,mouse_resp_5.time,mouse_resp_5.corr,mouse_resp_5.clicked_name,thank_you.started,thanks.started,thank_you.stopped,participant,session,date,expName,psychopyVersion,frameRate,expStart,
,,,,,,,,,,0.0033577000140212476,0.012877899978775531,0.012877899978775531,12.459666199982166,space,12.424460700014606,None,,,,,,,,,,,,,,,,,,,,,,,,,,,,,,,,,,,,,,,,,,,,,,,,,,,,,,,,,,,,,,,,,,,,,,,,,,,,,,,,,,,,,,,,,,,,,,,,04S,001,2024-12-03_20h12.43.248,SOLO_PROJECT_EXPERIMENT_NUTAN_KAIN_AU2220019,2024.1.5,None,2024-12-03 20h13.03.712902 +0530,
,,,,,,,,,,,,,,,,,12.459753900009673,12.542800900002476,12.542800900002476,12.542800900002476,25.523532700026408,space,12.974271299957763,None,,,,,,,,,,,,,,,,,,,,,,,,,,,,,,,,,,,,,,,,,,,,,,,,,,,,,,,,,,,,,,,,,,,,,,,,,,,,,,,,,,,,,,,,04S,001,2024-12-03_20h12.43.248,SOLO_PROJECT_EXPERIMENT_NUTAN_KAIN_AU2220019,2024.1.5,None,2024-12-03 20h13.03.712902 +0530,
0,0,0,0,,,,,25.63908990001073,,,,,,,,,,,,,,,,,25.526284500025213,25.63908990001073,25.63908990001073,25.63908990001073,25.63908990001073,25.63908990001073,25.63908990001073,25.63908990001073,0.003870899963658303,25.63908990001073,28.63832149998052,[0.35546875],[0.3619791666666667],[1],[0],[0],[3.110004900023341],[1],['subtle_anger'],28.641438100021333,28.80231429997366,0.0007035000016912818,28.80231429997366,28.80231429997366,28.80231429997366,28.80231429997366,28.80231429997366,28.80231429997366,28.80231429997366,32.399437799991574,[-0.2265625],[-0.3151041666666667],[1],[0],[0],[3.756518500042148],[1],['subtle_anger_main'],,,,,,,,,,,,,,,,,,,,,,,,,,,,,,,,,,,,,,,,,,,,,,,,,,04S,001,2024-12-03_20h12.43.248,SOLO_PROJECT_EXPERIMENT_NUTAN_KAIN_AU2220019,2024.1.5,None,2024-12-03 20h13.03.712902 +0530,
1,0,1,0,,,,,32.41421580000315,,,,,,,,,,,,,,,,,32.402550900005735,32.41421580000315,32.41421580000315,32.41421580000315,32.41421580000315,32.41421580000315,32.41421580000315,32.41421580000315,0.0013424999779090285,32.41421580000315,35.33062889997382,[-0.3138020833333333],[-0.08203125],[1],[0],[0],[2.9263459999929182],[1],['subtle_anger'],35.332404599990696,35.344391499995254,0.000756199995521456,35.344391499995254,35.344391499995254,35.344391499995254,35.344391499995254,35.344391499995254,35.344391499995254,35.344391499995254,37.42958880000515,[-0.0859375],[-0.2903645833333333],[1],[0],[0],[2.0956200000364333],[1],['subtle_anger_main'],,,,,,,,,,,,,,,,,,,,,,,,,,,,,,,,,,,,,,,,,,,,,,,,,,04S,001,2024-12-03_20h12.43.248,SOLO_PROJECT_EXPERIMENT_NUTAN_KAIN_AU2220019,2024.1.5,None,2024-12-03 20h13.03.712902 +0530,
2,0,2,0,,,,,37.442633499973454,,,,,,,,,,,,,,,,,37.431815600022674,37.442633499973454,37.442633499973454,37.442633499973454,37.442633499973454,37.442633499973454,37.442633499973454,37.442633499973454,0.0010300999856553972,37.442633499973454,39.45975829998497,[-0.17578125],[-0.10546875],[1],[0],[0],[2.026384099968709],[1],['subtle_anger'],39.46181860001525,39.47366949997377,0.0011612999951466918,39.47366949997377,39.47366949997377,39.47366949997377,39.47366949997377,39.47366949997377,39.47366949997377,39.47366949997377,41.607015200017486,[0.33203125],[-0.09244791666666667],[1],[0],[0],[2.14325830002781],[1],['subtle_anger_main'],,,,,,,,,,,,,,,,,,,,,,,,,,,,,,,,,,,,,,,,,,,,,,,,,,04S,001,2024-12-03_20h12.43.248,SOLO_PROJECT_EXPERIMENT_NUTAN_KAIN_AU2220019,2024.1.5,None,2024-12-03 20h13.03.712902 +0530,
3,0,3,0,,,,,41.62205140001606,,,,,,,,,,,,,,,,,41.609690300014336,41.62205140001606,41.62205140001606,41.62205140001606,41.62205140001606,41.62205140001606,41.62205140001606,41.62205140001606,0.001547300023958087,41.62205140001606,44.18858650000766,[0.4192708333333333],[0.40625],[1],[0],[0],[2.5771448999876156],[1],['subtle_anger'],44.19057049998082,44.20230890001403,0.0007864999934099615,44.20230890001403,44.20230890001403,44.20230890001403,44.20230890001403,44.20230890001403,44.20230890001403,44.20230890001403,46.55261989997234,[0.4192708333333333],[-0.4348958333333333],[1],[0],[0],[2.360615500016138],[1],['subtle_anger_main'],,,,,,,,,,,,,,,,,,,,,,,,,,,,,,,,,,,,,,,,,,,,,,,,,,04S,001,2024-12-03_20h12.43.248,SOLO_PROJECT_EXPERIMENT_NUTAN_KAIN_AU2220019,2024.1.5,None,2024-12-03 20h13.03.712902 +0530,
4,0,4,0,,,,,46.566233600024134,,,,,,,,,,,,,,,,,46.554621700022835,46.566233600024134,46.566233600024134,46.566233600024134,46.566233600024134,46.566233600024134,46.566233600024134,46.566233600024134,0.001172900025267154,46.566233600024134,48.38445569999749,[-0.2721354166666667],[0.23958333333333334],[1],[0],[0],[1.8282583000254817],[1],['subtle_anger'],48.386392000014894,48.39826709998306,0.0007656000088900328,48.39826709998306,48.39826709998306,48.39826709998306,48.39826709998306,48.39826709998306,48.39826709998306,48.39826709998306,52.64734540000791,[0.2682291666666667],[0.1015625],[1],[0],[0],[4.25925250002183],[1],['subtle_anger_main'],,,,,,,,,,,,,,,,,,,,,,,,,,,,,,,,,,,,,,,,,,,,,,,,,,04S,001,2024-12-03_20h12.43.248,SOLO_PROJECT_EXPERIMENT_NUTAN_KAIN_AU2220019,2024.1.5,None,2024-12-03 20h13.03.712902 +0530,
5,0,5,0,,,,,52.662589200015645,,,,,,,,,,,,,,,,,52.65048469998874,52.662589200015645,52.662589200015645,52.662589200015645,52.662589200015645,52.662589200015645,52.662589200015645,52.662589200015645,0.0017757999594323337,52.662589200015645,54.96145120001165,[0.052083333333333336],[-0.08333333333333333],[1],[0],[0],[2.3092692000209354],[1],['subtle_anger'],54.96260909998091,54.974701099970844,0.0005239000311121345,54.974701099970844,54.974701099970844,54.974701099970844,54.974701099970844,54.974701099970844,54.974701099970844,54.974701099970844,58.25762859999668,[0.23046875],[-0.27734375],[1],[0],[0],[3.293825799948536],[1],['subtle_anger_main'],,,,,,,,,,,,,,,,,,,,,,,,,,,,,,,,,,,,,,,,,,,,,,,,,,04S,001,2024-12-03_20h12.43.248,SOLO_PROJECT_EXPERIMENT_NUTAN_KAIN_AU2220019,2024.1.5,None,2024-12-03 20h13.03.712902 +0530,
6,0,6,0,,,,,58.27199729997665,,,,,,,,,,,,,,,,,58.260280499991495,58.27199729997665,58.27199729997665,58.27199729997665,58.27199729997665,58.27199729997665,58.27199729997665,58.27199729997665,0.0015408999752253294,58.27199729997665,59.639741500024684,[-0.17578125],[0.23177083333333334],[1],[0],[0],[1.3776625000173226],[1],['subtle_anger'],59.64169830002356,59.65396630001487,0.000770999991800636,59.65396630001487,59.65396630001487,59.65396630001487,59.65396630001487,59.65396630001487,59.65396630001487,59.65396630001487,62.20262090000324,[0.4322916666666667],[-0.109375],[1],[0],[0],[2.559492600033991],[1],['subtle_anger_main'],,,,,,,,,,,,,,,,,,,,,,,,,,,,,,,,,,,,,,,,,,,,,,,,,,04S,001,2024-12-03_20h12.43.248,SOLO_PROJECT_EXPERIMENT_NUTAN_KAIN_AU2220019,2024.1.5,None,2024-12-03 20h13.03.712902 +0530,
7,0,7,0,,,,,62.21830459998455,,,,,,,,,,,,,,,,,62.204816000012215,62.21830459998455,62.21830459998455,62.21830459998455,62.21830459998455,62.21830459998455,62.21830459998455,62.21830459998455,0.001171100011561066,62.21830459998455,64.08477860002313,[0.08333333333333333],[-0.3880208333333333],[1],[0],[0],[1.8784825000329874],[1],['subtle_anger'],64.08597979997285,64.09949069999857,0.0005858999793417752,64.09949069999857,64.09949069999857,64.09949069999857,64.09949069999857,64.09949069999857,64.09949069999857,64.09949069999857,65.6840610000072,[-0.23567708333333334],[-0.033854166666666664],[1],[0],[0],[1.5968666999833658],[1],['subtle_anger_main'],,,,,,,,,,,,,,,,,,,,,,,,,,,,,,,,,,,,,,,,,,,,,,,,,,04S,001,2024-12-03_20h12.43.248,SOLO_PROJECT_EXPERIMENT_NUTAN_KAIN_AU2220019,2024.1.5,None,2024-12-03 20h13.03.712902 +0530,
8,0,8,0,,,,,65.69810009998037,,,,,,,,,,,,,,,,,65.68645590002416,65.69810009998037,65.69810009998037,65.69810009998037,65.69810009998037,65.69810009998037,65.69810009998037,65.69810009998037,0.0013073000009171665,65.69810009998037,67.96493439999176,[-0.16276041666666666],[0.4440104166666667],[1],[0],[0],[2.276765999966301],[1],['subtle_anger'],67.9663348000031,67.97882409999147,0.0005775999743491411,67.97882409999147,67.97882409999147,67.97882409999147,67.97882409999147,67.97882409999147,67.97882409999147,67.97882409999147,70.7621930000023,[-0.23046875],[-0.4166666666666667],[1],[0],[0],[2.7943772000144236],[1],['subtle_anger_main'],,,,,,,,,,,,,,,,,,,,,,,,,,,,,,,,,,,,,,,,,,,,,,,,,,04S,001,2024-12-03_20h12.43.248,SOLO_PROJECT_EXPERIMENT_NUTAN_KAIN_AU2220019,2024.1.5,None,2024-12-03 20h13.03.712902 +0530,
9,0,9,0,,,,,70.79287599999225,,,,,,,,,,,,,,,,,70.76460719999159,70.79287599999225,70.79287599999225,70.79287599999225,70.79287599999225,70.79287599999225,70.79287599999225,70.79287599999225,0.0013431000406853855,70.79287599999225,76.65604959998745,[-0.33984375],[0.020833333333333332],[1],[0],[0],[5.889734599972144],[1],['subtle_anger'],76.65773799997987,76.67071510001551,0.0006125999498181045,76.67071510001551,76.67071510001551,76.67071510001551,76.67071510001551,76.67071510001551,76.67071510001551,76.67071510001551,78.55478260002565,[0.0234375],[-0.09895833333333333],[1],[0],[0],[1.89575289998902],[1],['subtle_anger_main'],,,,,,,,,,,,,,,,,,,,,,,,,,,,,,,,,,,,,,,,,,,,,,,,,,04S,001,2024-12-03_20h12.43.248,SOLO_PROJECT_EXPERIMENT_NUTAN_KAIN_AU2220019,2024.1.5,None,2024-12-03 20h13.03.712902 +0530,
10,0,10,0,,,,,78.56820119998883,,,,,,,,,,,,,,,,,78.55714519997127,78.56820119998883,78.56820119998883,78.56820119998883,78.56820119998883,78.56820119998883,78.56820119998883,78.56820119998883,0.001301499956753105,78.56820119998883,84.49935559998266,[0.1328125],[0.4270833333333333],[1],[0],[0],[5.940574600012042],[1],['subtle_anger'],84.50104780000402,84.51263190002646,0.0007689000340178609,84.51263190002646,84.51263190002646,84.51263190002646,84.51263190002646,84.51263190002646,84.51263190002646,84.51263190002646,86.06539200001862,[0.3216145833333333],[-0.09375],[1],[0],[0],[1.562691500002984],[1],['subtle_anger_main'],,,,,,,,,,,,,,,,,,,,,,,,,,,,,,,,,,,,,,,,,,,,,,,,,,04S,001,2024-12-03_20h12.43.248,SOLO_PROJECT_EXPERIMENT_NUTAN_KAIN_AU2220019,2024.1.5,None,2024-12-03 20h13.03.712902 +0530,
11,0,11,0,,,,,86.09434289997444,,,,,,,,,,,,,,,,,86.06820919999154,86.09434289997444,86.09434289997444,86.09434289997444,86.09434289997444,86.09434289997444,86.09434289997444,86.09434289997444,0.0016614000196568668,86.09434289997444,88.21191940002609,[0.22916666666666666],[0.2760416666666667],[1],[0],[0],[2.1417973000206985],[1],['subtle_anger'],88.21397400001297,88.2257382000098,0.0007993999752216041,88.2257382000098,88.2257382000098,88.2257382000098,88.2257382000098,88.2257382000098,88.2257382000098,88.2257382000098,92.04323900002055,[-0.01171875],[-0.09114583333333333],[1],[0],[0],[3.8276683999574743],[1],['subtle_anger_main'],,,,,,,,,,,,,,,,,,,,,,,,,,,,,,,,,,,,,,,,,,,,,,,,,,04S,001,2024-12-03_20h12.43.248,SOLO_PROJECT_EXPERIMENT_NUTAN_KAIN_AU2220019,2024.1.5,None,2024-12-03 20h13.03.712902 +0530,
12,0,12,0,,,,,92.0559198000119,,,,,,,,,,,,,,,,,92.04551600001287,92.0559198000119,92.0559198000119,92.0559198000119,92.0559198000119,92.0559198000119,92.0559198000119,92.0559198000119,0.0012820000411011279,92.0559198000119,94.68782120000105,[0.2916666666666667],[0.4453125],[1],[0],[0],[2.640771100006532],[1],['subtle_anger'],94.68924799998058,94.70265469996957,0.0006720000528730452,94.70265469996957,94.70265469996957,94.70265469996957,94.70265469996957,94.70265469996957,94.70265469996957,94.70265469996957,97.43527630000608,[0.2265625],[0.4244791666666667],[1],[0],[0],[2.7446741000167094],[1],['subtle_anger_main'],,,,,,,,,,,,,,,,,,,,,,,,,,,,,,,,,,,,,,,,,,,,,,,,,,04S,001,2024-12-03_20h12.43.248,SOLO_PROJECT_EXPERIMENT_NUTAN_KAIN_AU2220019,2024.1.5,None,2024-12-03 20h13.03.712902 +0530,
13,0,13,0,,,,,97.44993599998998,,,,,,,,,,,,,,,,,97.43765209999401,97.44993599998998,97.44993599998998,97.44993599998998,97.44993599998998,97.44993599998998,97.44993599998998,97.44993599998998,0.0013272000360302627,97.44993599998998,99.3007585000014,[0.10286458333333333],[0.34375],[1],[0],[0],[1.861295800015796],[1],['subtle_anger'],99.30221230001189,99.3144776999834,0.0008113000076264143,99.3144776999834,99.3144776999834,99.3144776999834,99.3144776999834,99.3144776999834,99.3144776999834,99.3144776999834,101.01507439999841,[0.4322916666666667],[0.4713541666666667],[1],[0],[0],[1.7114635999896564],[1],['subtle_anger_main'],,,,,,,,,,,,,,,,,,,,,,,,,,,,,,,,,,,,,,,,,,,,,,,,,,04S,001,2024-12-03_20h12.43.248,SOLO_PROJECT_EXPERIMENT_NUTAN_KAIN_AU2220019,2024.1.5,None,2024-12-03 20h13.03.712902 +0530,
14,0,14,0,,,,,101.03024759999244,,,,,,,,,,,,,,,,,101.01676710002357,101.03024759999244,101.03024759999244,101.03024759999244,101.03024759999244,101.03024759999244,101.03024759999244,101.03024759999244,0.0009815999655984342,101.03024759999244,102.54675590002444,[0.036458333333333336],[0.4401041666666667],[1],[0],[0],[1.5286866000387818],[1],['subtle_anger'],102.54785009997431,102.56202690000646,0.00046140002086758614,102.56202690000646,102.56202690000646,102.56202690000646,102.56202690000646,102.56202690000646,102.56202690000646,102.56202690000646,104.79505740001332,[-0.2838541666666667],[-0.2565104166666667],[1],[0],[0],[2.2460796000086702],[1],['subtle_anger_main'],,,,,,,,,,,,,,,,,,,,,,,,,,,,,,,,,,,,,,,,,,,,,,,,,,04S,001,2024-12-03_20h12.43.248,SOLO_PROJECT_EXPERIMENT_NUTAN_KAIN_AU2220019,2024.1.5,None,2024-12-03 20h13.03.712902 +0530,
15,0,15,0,,,,,104.81015430000843,,,,,,,,,,,,,,,,,104.79703810001956,104.81015430000843,104.81015430000843,104.81015430000843,104.81015430000843,104.81015430000843,104.81015430000843,104.81015430000843,0.0011764999944716692,104.81015430000843,107.25922840001294,[-0.37109375],[0.020833333333333332],[1],[0],[0],[2.460659799980931],[1],['subtle_anger'],107.26103009999497,107.27365779998945,0.0006231000297702849,107.27365779998945,107.27365779998945,107.27365779998945,107.27365779998945,107.27365779998945,107.27365779998945,107.27365779998945,109.57430370000657,[-0.14453125],[-0.265625],[1],[0],[0],[2.3118200000026263],[1],['subtle_anger_main'],,,,,,,,,,,,,,,,,,,,,,,,,,,,,,,,,,,,,,,,,,,,,,,,,,04S,001,2024-12-03_20h12.43.248,SOLO_PROJECT_EXPERIMENT_NUTAN_KAIN_AU2220019,2024.1.5,None,2024-12-03 20h13.03.712902 +0530,
16,0,16,0,,,,,109.58831189997727,,,,,,,,,,,,,,,,,109.57661679998273,109.58831189997727,109.58831189997727,109.58831189997727,109.58831189997727,109.58831189997727,109.58831189997727,109.58831189997727,0.001209300011396408,109.58831189997727,112.3715085000149,[0.10026041666666667],[-0.3580729166666667],[1],[0],[0],[2.7932077999575995],[1],['subtle_anger'],112.37356799998088,112.38579019997269,0.0009381999843753874,112.38579019997269,112.38579019997269,112.38579019997269,112.38579019997269,112.38579019997269,112.38579019997269,112.38579019997269,114.58695189998252,[0.0703125],[-0.3802083333333333],[1],[0],[0],[2.211457600002177],[1],['subtle_anger_main'],,,,,,,,,,,,,,,,,,,,,,,,,,,,,,,,,,,,,,,,,,,,,,,,,,04S,001,2024-12-03_20h12.43.248,SOLO_PROJECT_EXPERIMENT_NUTAN_KAIN_AU2220019,2024.1.5,None,2024-12-03 20h13.03.712902 +0530,
17,0,17,0,,,,,114.60375870001735,,,,,,,,,,,,,,,,,114.5906744999811,114.60375870001735,114.60375870001735,114.60375870001735,114.60375870001735,114.60375870001735,114.60375870001735,114.60375870001735,0.0020631999941542745,114.60375870001735,116.26778350002132,[-0.041666666666666664],[-0.11979166666666667],[1],[0],[0],[1.6748876000056043],[1],['subtle_anger'],116.27024550002534,116.28226180002093,0.0009394999942742288,116.28226180002093,116.28226180002093,116.28226180002093,116.28226180002093,116.28226180002093,116.28226180002093,116.28226180002093,117.91745259996969,[-0.23958333333333334],[-0.3385416666666667],[1],[0],[0],[1.6454339000047185],[1],['subtle_anger_main'],,,,,,,,,,,,,,,,,,,,,,,,,,,,,,,,,,,,,,,,,,,,,,,,,,04S,001,2024-12-03_20h12.43.248,SOLO_PROJECT_EXPERIMENT_NUTAN_KAIN_AU2220019,2024.1.5,None,2024-12-03 20h13.03.712902 +0530,
18,0,18,0,,,,,117.93262269999832,,,,,,,,,,,,,,,,,117.920481499983,117.93262269999832,117.93262269999832,117.93262269999832,117.93262269999832,117.93262269999832,117.93262269999832,117.93262269999832,0.0016207000007852912,117.93262269999832,120.8967161999899,[0.4765625],[0.4231770833333333],[1],[0],[0],[2.9742596999858506],[1],['subtle_anger'],120.89851470000576,120.91048540000338,0.0008786999969743192,120.91048540000338,120.91048540000338,120.91048540000338,120.91048540000338,120.91048540000338,120.91048540000338,120.91048540000338,126.60658830002649,[0.12109375],[-0.3606770833333333],[1],[0],[0],[5.706411799998023],[1],['subtle_anger_main'],,,,,,,,,,,,,,,,,,,,,,,,,,,,,,,,,,,,,,,,,,,,,,,,,,04S,001,2024-12-03_20h12.43.248,SOLO_PROJECT_EXPERIMENT_NUTAN_KAIN_AU2220019,2024.1.5,None,2024-12-03 20h13.03.712902 +0530,
19,0,19,0,,,,,126.62147660000483,,,,,,,,,,,,,,,,,126.60891230002744,126.62147660000483,126.62147660000483,126.62147660000483,126.62147660000483,126.62147660000483,126.62147660000483,126.62147660000483,0.0010652000200934708,126.62147660000483,129.37136340001598,[-0.18359375],[0.3802083333333333],[1],[0],[0],[2.760918000014499],[1],['subtle_anger'],129.3730403999798,129.38562969997292,0.0007701999857090414,129.38562969997292,129.38562969997292,129.38562969997292,129.38562969997292,129.38562969997292,129.38562969997292,129.38562969997292,130.65222119999817,[-0.3151041666666667],[0.3125],[1],[0],[0],[1.2777671000221744],[1],['subtle_anger_main'],,,,,,,,,,,,,,,,,,,,,,,,,,,,,,,,,,,,,,,,,,,,,,,,,,04S,001,2024-12-03_20h12.43.248,SOLO_PROJECT_EXPERIMENT_NUTAN_KAIN_AU2220019,2024.1.5,None,2024-12-03 20h13.03.712902 +0530,
20,0,20,0,,,,,130.6675046000164,,,,,,,,,,,,,,,,,130.6536366000073,130.6675046000164,130.6675046000164,130.6675046000164,130.6675046000164,130.6675046000164,130.6675046000164,130.6675046000164,0.0007403999916277826,130.6675046000164,132.16900529997656,[0.3645833333333333],[-0.2955729166666667],[1],[0],[0],[1.5141110999975353],[1],['subtle_anger'],132.1709656000021,132.18261610000627,0.0008622000459581614,132.18261610000627,132.18261610000627,132.18261610000627,132.18261610000627,132.18261610000627,132.18261610000627,132.18261610000627,135.24863250000635,[-0.3359375],[0.3854166666666667],[1],[0],[0],[3.0761638999683782],[1],['subtle_anger_main'],,,,,,,,,,,,,,,,,,,,,,,,,,,,,,,,,,,,,,,,,,,,,,,,,,04S,001,2024-12-03_20h12.43.248,SOLO_PROJECT_EXPERIMENT_NUTAN_KAIN_AU2220019,2024.1.5,None,2024-12-03 20h13.03.712902 +0530,
21,0,21,0,,,,,135.26342470000964,,,,,,,,,,,,,,,,,135.25019260001136,135.26342470000964,135.26342470000964,135.26342470000964,135.26342470000964,135.26342470000964,135.26342470000964,135.26342470000964,0.0009064000332728028,135.26342470000964,137.11415229999693,[0.3971354166666667],[0.2526041666666667],[1],[0],[0],[1.862377200042829],[1],['subtle_anger'],137.1162203999702,137.1285354999709,0.0009428000194020569,137.1285354999709,137.1285354999709,137.1285354999709,137.1285354999709,137.1285354999709,137.1285354999709,137.1285354999709,141.02629960002378,[0.234375],[-0.08463541666666667],[1],[0],[0],[3.908393200021237],[1],['subtle_anger_main'],,,,,,,,,,,,,,,,,,,,,,,,,,,,,,,,,,,,,,,,,,,,,,,,,,04S,001,2024-12-03_20h12.43.248,SOLO_PROJECT_EXPERIMENT_NUTAN_KAIN_AU2220019,2024.1.5,None,2024-12-03 20h13.03.712902 +0530,
22,0,22,0,,,,,141.0407763000112,,,,,,,,,,,,,,,,,141.0279634000035,141.0407763000112,141.0407763000112,141.0407763000112,141.0407763000112,141.0407763000112,141.0407763000112,141.0407763000112,0.0009764000424183905,141.0407763000112,143.65666410000995,[-0.4596354166666667],[-0.061197916666666664],[1],[0],[0],[2.627468199993018],[1],['subtle_anger'],143.6578147999826,143.67127639998216,0.0006150000263005495,143.67127639998216,143.67127639998216,143.67127639998216,143.67127639998216,143.67127639998216,143.67127639998216,143.67127639998216,148.48600839998107,[0.35546875],[-0.0625],[1],[0],[0],[4.826891100034118],[1],['subtle_anger_main'],,,,,,,,,,,,,,,,,,,,,,,,,,,,,,,,,,,,,,,,,,,,,,,,,,04S,001,2024-12-03_20h12.43.248,SOLO_PROJECT_EXPERIMENT_NUTAN_KAIN_AU2220019,2024.1.5,None,2024-12-03 20h13.03.712902 +0530,
23,0,23,0,,,,,148.49983899999643,,,,,,,,,,,,,,,,,148.4880183999776,148.49983899999643,148.49983899999643,148.49983899999643,148.49983899999643,148.49983899999643,148.49983899999643,148.49983899999643,0.0010968000278808177,148.49983899999643,150.2011069,[-0.4440104166666667],[0.41796875],[1],[0],[0],[1.711566700018011],[1],['subtle_anger'],150.20286720001604,150.2145946000237,0.0008028000011108816,150.2145946000237,150.2145946000237,150.2145946000237,150.2145946000237,150.2145946000237,150.2145946000237,150.2145946000237,153.1139461999992,[-0.033854166666666664],[-0.14192708333333334],[1],[0],[0],[2.909615099953953],[1],['subtle_anger_main'],,,,,,,,,,,,,,,,,,,,,,,,,,,,,,,,,,,,,,,,,,,,,,,,,,04S,001,2024-12-03_20h12.43.248,SOLO_PROJECT_EXPERIMENT_NUTAN_KAIN_AU2220019,2024.1.5,None,2024-12-03 20h13.03.712902 +0530,
24,0,24,0,,,,,153.1287276999792,,,,,,,,,,,,,,,,,153.11611880001146,153.1287276999792,153.1287276999792,153.1287276999792,153.1287276999792,153.1287276999792,153.1287276999792,153.1287276999792,0.0011363999801687896,153.1287276999792,156.0289547999855,[0.37890625],[-0.24088541666666666],[1],[0],[0],[2.9111304999678396],[1],['subtle_anger'],156.03108169999905,156.04444309999235,0.00088310003047809,156.04444309999235,156.04444309999235,156.04444309999235,156.04444309999235,156.04444309999235,156.04444309999235,156.04444309999235,157.7103234999813,[0.014322916666666666],[-0.30078125],[1],[0],[0],[1.6776582999737002],[1],['subtle_anger_main'],,,,,,,,,,,,,,,,,,,,,,,,,,,,,,,,,,,,,,,,,,,,,,,,,,04S,001,2024-12-03_20h12.43.248,SOLO_PROJECT_EXPERIMENT_NUTAN_KAIN_AU2220019,2024.1.5,None,2024-12-03 20h13.03.712902 +0530,
25,0,25,0,,,,,157.72439839999424,,,,,,,,,,,,,,,,,157.71243329998106,157.72439839999424,157.72439839999424,157.72439839999424,157.72439839999424,157.72439839999424,157.72439839999424,157.72439839999424,0.0010241999989375472,157.72439839999424,160.15916370000923,[0.11588541666666667],[-0.4205729166666667],[1],[0],[0],[2.4451499999850057],[1],['subtle_anger'],160.16114669997478,160.17239490000065,0.0008866999996826053,160.17239490000065,160.17239490000065,160.17239490000065,160.17239490000065,160.17239490000065,160.17239490000065,160.17239490000065,162.22278399998322,[0.05859375],[0.1484375],[1],[0],[0],[2.060019899974577],[1],['subtle_anger_main'],,,,,,,,,,,,,,,,,,,,,,,,,,,,,,,,,,,,,,,,,,,,,,,,,,04S,001,2024-12-03_20h12.43.248,SOLO_PROJECT_EXPERIMENT_NUTAN_KAIN_AU2220019,2024.1.5,None,2024-12-03 20h13.03.712902 +0530,
26,0,26,0,,,,,162.2362773999921,,,,,,,,,,,,,,,,,162.2251298999763,162.2362773999921,162.2362773999921,162.2362773999921,162.2362773999921,162.2362773999921,162.2362773999921,162.2362773999921,0.0011130000348202884,162.2362773999921,163.4538193999906,[0.059895833333333336],[0.2955729166666667],[1],[0],[0],[1.2272520000115037],[1],['subtle_anger'],163.45534649997717,163.46899909997592,0.0007102999952621758,163.46899909997592,163.46899909997592,163.46899909997592,163.46899909997592,163.46899909997592,163.46899909997592,163.46899909997592,166.85050629999023,[-0.3763020833333333],[-0.4036458333333333],[1],[0],[0],[3.3938400999759324],[1],['subtle_anger_main'],,,,,,,,,,,,,,,,,,,,,,,,,,,,,,,,,,,,,,,,,,,,,,,,,,04S,001,2024-12-03_20h12.43.248,SOLO_PROJECT_EXPERIMENT_NUTAN_KAIN_AU2220019,2024.1.5,None,2024-12-03 20h13.03.712902 +0530,
27,0,27,0,,,,,166.86565799999516,,,,,,,,,,,,,,,,,166.85255559999496,166.86565799999516,166.86565799999516,166.86565799999516,166.86565799999516,166.86565799999516,166.86565799999516,166.86565799999516,0.001350899983663112,166.86565799999516,168.5675505999825,[0.19010416666666666],[-0.018229166666666668],[1],[0],[0],[1.7131534999934956],[1],['subtle_anger'],168.56948359997477,168.58070230000885,0.0008684999775141478,168.58070230000885,168.58070230000885,168.58070230000885,168.58070230000885,168.58070230000885,168.58070230000885,168.58070230000885,170.44680189999053,[-0.5],[0.41015625],[1],[0],[0],[1.8757111000013538],[1],['subtle_anger_main'],,,,,,,,,,,,,,,,,,,,,,,,,,,,,,,,,,,,,,,,,,,,,,,,,,04S,001,2024-12-03_20h12.43.248,SOLO_PROJECT_EXPERIMENT_NUTAN_KAIN_AU2220019,2024.1.5,None,2024-12-03 20h13.03.712902 +0530,
28,0,28,0,,,,,170.46127909998177,,,,,,,,,,,,,,,,,170.44825690001016,170.46127909998177,170.46127909998177,170.46127909998177,170.46127909998177,170.46127909998177,170.46127909998177,170.46127909998177,0.0007211000192910433,170.46127909998177,172.36262610001722,[0.546875],[0.21484375],[1],[0],[0],[1.913307500013616],[1],['subtle_anger'],172.36378409998724,172.37657040002523,0.00047339999582618475,172.37657040002523,172.37657040002523,172.37657040002523,172.37657040002523,172.37657040002523,172.37657040002523,172.37657040002523,175.30922200001078,[-0.3190104166666667],[-0.4231770833333333],[1],[0],[0],[2.944138600025326],[1],['subtle_anger_main'],,,,,,,,,,,,,,,,,,,,,,,,,,,,,,,,,,,,,,,,,,,,,,,,,,04S,001,2024-12-03_20h12.43.248,SOLO_PROJECT_EXPERIMENT_NUTAN_KAIN_AU2220019,2024.1.5,None,2024-12-03 20h13.03.712902 +0530,
29,0,29,0,,,,,175.3235359999817,,,,,,,,,,,,,,,,,175.31149260001257,175.3235359999817,175.3235359999817,175.3235359999817,175.3235359999817,175.3235359999817,175.3235359999817,175.3235359999817,0.0012370000476948917,175.3235359999817,176.80765530001372,[0.4348958333333333],[0.033854166666666664],[1],[0],[0],[1.494579899997916],[1],['subtle_anger'],176.80891500000143,176.8221505000256,0.0005181999877095222,176.8221505000256,176.8221505000256,176.8221505000256,176.8221505000256,176.8221505000256,176.8221505000256,176.8221505000256,179.52268699998967,[-0.022135416666666668],[-0.08854166666666667],[1],[0],[0],[2.712497500004247],[1],['subtle_anger_main'],,,,,,,,,,,,,,,,,,,,,,,,,,,,,,,,,,,,,,,,,,,,,,,,,,04S,001,2024-12-03_20h12.43.248,SOLO_PROJECT_EXPERIMENT_NUTAN_KAIN_AU2220019,2024.1.5,None,2024-12-03 20h13.03.712902 +0530,
30,0,30,0,,,,,179.5363851999864,,,,,,,,,,,,,,,,,179.5248278999934,179.5363851999864,179.5363851999864,179.5363851999864,179.5363851999864,179.5363851999864,179.5363851999864,179.5363851999864,0.0013963000383228064,179.5363851999864,181.9034634999698,[-0.08333333333333333],[-0.2669270833333333],[1],[0],[0],[2.376884199969936],[1],['subtle_anger'],181.90529129997594,181.91724270000122,0.000851999968290329,181.91724270000122,181.91724270000122,181.91724270000122,181.91724270000122,181.91724270000122,181.91724270000122,181.91724270000122,184.83374049997656,[0.4596354166666667],[-0.1015625],[1],[0],[0],[2.9268158999620937],[1],['subtle_anger_main'],,,,,,,,,,,,,,,,,,,,,,,,,,,,,,,,,,,,,,,,,,,,,,,,,,04S,001,2024-12-03_20h12.43.248,SOLO_PROJECT_EXPERIMENT_NUTAN_KAIN_AU2220019,2024.1.5,None,2024-12-03 20h13.03.712902 +0530,
31,0,31,0,,,,,184.84777529997518,,,,,,,,,,,,,,,,,184.83602579997387,184.84777529997518,184.84777529997518,184.84777529997518,184.84777529997518,184.84777529997518,184.84777529997518,184.84777529997518,0.0012753999908454716,184.84777529997518,188.0799920000136,[-0.3567708333333333],[-0.046875],[1],[0],[0],[3.2424063999787904],[1],['subtle_anger'],188.08144360000733,188.0944376999978,0.0005627999780699611,188.0944376999978,188.0944376999978,188.0944376999978,188.0944376999978,188.0944376999978,188.0944376999978,188.0944376999978,191.19336179998936,[-0.4700520833333333],[0.3815104166666667],[1],[0],[0],[3.110824900039006],[1],['subtle_anger_main'],,,,,,,,,,,,,,,,,,,,,,,,,,,,,,,,,,,,,,,,,,,,,,,,,,04S,001,2024-12-03_20h12.43.248,SOLO_PROJECT_EXPERIMENT_NUTAN_KAIN_AU2220019,2024.1.5,None,2024-12-03 20h13.03.712902 +0530,
32,0,32,0,,,,,191.20792860002257,,,,,,,,,,,,,,,,,191.19473079999443,191.20792860002257,191.20792860002257,191.20792860002257,191.20792860002257,191.20792860002257,191.20792860002257,191.20792860002257,0.0007592000183649361,191.20792860002257,192.25868139998056,[-0.28125],[0.3919270833333333],[1],[0],[0],[1.0628325999714434],[1],['subtle_anger'],192.25998460000847,192.2741265000077,0.0005404999828897417,192.2741265000077,192.2741265000077,192.2741265000077,192.2741265000077,192.2741265000077,192.2741265000077,192.2741265000077,194.15690539998468,[-0.27734375],[0.037760416666666664],[1],[0],[0],[1.8958551000105217],[1],['subtle_anger_main'],,,,,,,,,,,,,,,,,,,,,,,,,,,,,,,,,,,,,,,,,,,,,,,,,,04S,001,2024-12-03_20h12.43.248,SOLO_PROJECT_EXPERIMENT_NUTAN_KAIN_AU2220019,2024.1.5,None,2024-12-03 20h13.03.712902 +0530,
33,0,33,0,,,,,194.1721045000013,,,,,,,,,,,,,,,,,194.15839060000144,194.1721045000013,194.1721045000013,194.1721045000013,194.1721045000013,194.1721045000013,194.1721045000013,194.1721045000013,0.0007199000101536512,194.1721045000013,195.87223530001938,[0.3033854166666667],[0.3502604166666667],[1],[0],[0],[1.7126002000295557],[1],['subtle_anger'],195.87420889997156,195.8869616999873,0.0008483999990858138,195.8869616999873,195.8869616999873,195.8869616999873,195.8869616999873,195.8869616999873,195.8869616999873,195.8869616999873,197.72210209997138,[-0.40625],[-0.05078125],[1],[0],[0],[1.846227700007148],[1],['subtle_anger_main'],,,,,,,,,,,,,,,,,,,,,,,,,,,,,,,,,,,,,,,,,,,,,,,,,,04S,001,2024-12-03_20h12.43.248,SOLO_PROJECT_EXPERIMENT_NUTAN_KAIN_AU2220019,2024.1.5,None,2024-12-03 20h13.03.712902 +0530,
34,0,34,0,,,,,197.73571189999348,,,,,,,,,,,,,,,,,197.72452119999798,197.73571189999348,197.73571189999348,197.73571189999348,197.73571189999348,197.73571189999348,197.73571189999348,197.73571189999348,0.0012794999638572335,197.73571189999348,201.33331060002092,[-0.3684895833333333],[0.30078125],[1],[0],[0],[3.607295499998145],[1],['subtle_anger'],201.33477670000866,201.3484931999701,0.0006643999950028956,201.3484931999701,201.3484931999701,201.3484931999701,201.3484931999701,201.3484931999701,201.3484931999701,201.3484931999701,202.46568480000133,[-0.22916666666666666],[0.1953125],[1],[0],[0],[1.129671300004702],[1],['subtle_anger_main'],,,,,,,,,,,,,,,,,,,,,,,,,,,,,,,,,,,,,,,,,,,,,,,,,,04S,001,2024-12-03_20h12.43.248,SOLO_PROJECT_EXPERIMENT_NUTAN_KAIN_AU2220019,2024.1.5,None,2024-12-03 20h13.03.712902 +0530,
35,0,35,0,,,,,202.47975220001535,,,,,,,,,,,,,,,,,202.4674115999951,202.47975220001535,202.47975220001535,202.47975220001535,202.47975220001535,202.47975220001535,202.47975220001535,202.47975220001535,0.0009622999932616949,202.47975220001535,204.01472269999795,[-0.08463541666666667],[0.01171875],[1],[0],[0],[1.545882000005804],[1],['subtle_anger'],204.0164122999995,204.02873169997474,0.0006990000256337225,204.02873169997474,204.02873169997474,204.02873169997474,204.02873169997474,204.02873169997474,204.02873169997474,204.02873169997474,207.49388209998142,[-0.07291666666666667],[0.4921875],[1],[0],[0],[3.476204600010533],[1],['subtle_anger_main'],,,,,,,,,,,,,,,,,,,,,,,,,,,,,,,,,,,,,,,,,,,,,,,,,,04S,001,2024-12-03_20h12.43.248,SOLO_PROJECT_EXPERIMENT_NUTAN_KAIN_AU2220019,2024.1.5,None,2024-12-03 20h13.03.712902 +0530,
36,0,36,0,,,,,207.5087993000052,,,,,,,,,,,,,,,,,207.49544309999328,207.5087993000052,207.5087993000052,207.5087993000052,207.5087993000052,207.5087993000052,207.5087993000052,207.5087993000052,0.0007112000021152198,207.5087993000052,209.27582360000815,[0.3190104166666667],[-0.3919270833333333],[1],[0],[0],[1.7791472999961115],[1],['subtle_anger'],209.27767380001023,209.29071179998573,0.0007726000039838254,209.29071179998573,209.29071179998573,209.29071179998573,209.29071179998573,209.29071179998573,209.29071179998573,209.29071179998573,211.1244165999815,[0.24739583333333334],[-0.3841145833333333],[1],[0],[0],[1.845228899968788],[1],['subtle_anger_main'],,,,,,,,,,,,,,,,,,,,,,,,,,,,,,,,,,,,,,,,,,,,,,,,,,04S,001,2024-12-03_20h12.43.248,SOLO_PROJECT_EXPERIMENT_NUTAN_KAIN_AU2220019,2024.1.5,None,2024-12-03 20h13.03.712902 +0530,
37,0,37,0,,,,,211.13811990001705,,,,,,,,,,,,,,,,,211.12650539999595,211.13811990001705,211.13811990001705,211.13811990001705,211.13811990001705,211.13811990001705,211.13811990001705,211.13811990001705,0.0010863000061362982,211.13811990001705,214.28765780001413,[-0.4192708333333333],[0.018229166666666668],[1],[0],[0],[3.159701699973084],[1],['subtle_anger'],214.289166499977,214.30221370002255,0.0006763000274077058,214.30221370002255,214.30221370002255,214.30221370002255,214.30221370002255,214.30221370002255,214.30221370002255,214.30221370002255,215.8030802999856,[0.359375],[0.07161458333333333],[1],[0],[0],[1.5125396000221372],[1],['subtle_anger_main'],,,,,,,,,,,,,,,,,,,,,,,,,,,,,,,,,,,,,,,,,,,,,,,,,,04S,001,2024-12-03_20h12.43.248,SOLO_PROJECT_EXPERIMENT_NUTAN_KAIN_AU2220019,2024.1.5,None,2024-12-03 20h13.03.712902 +0530,
38,0,38,0,,,,,215.81687330000568,,,,,,,,,,,,,,,,,215.80514950002544,215.81687330000568,215.81687330000568,215.81687330000568,215.81687330000568,215.81687330000568,215.81687330000568,215.81687330000568,0.001267199986614287,215.81687330000568,217.80054289998952,[0.22526041666666666],[0.2682291666666667],[1],[0],[0],[1.9937964000273496],[1],['subtle_anger'],217.80269879999105,217.81552250002278,0.001692500023636967,217.81552250002278,217.81552250002278,217.81552250002278,217.81552250002278,217.81552250002278,217.81552250002278,217.81552250002278,219.26619280001614,[-0.05859375],[-0.19791666666666666],[1],[0],[0],[1.4612344999914058],[1],['subtle_anger_main'],,,,,,,,,,,,,,,,,,,,,,,,,,,,,,,,,,,,,,,,,,,,,,,,,,04S,001,2024-12-03_20h12.43.248,SOLO_PROJECT_EXPERIMENT_NUTAN_KAIN_AU2220019,2024.1.5,None,2024-12-03 20h13.03.712902 +0530,
39,0,39,0,,,,,219.2806314000045,,,,,,,,,,,,,,,,,219.26763439999195,219.2806314000045,219.2806314000045,219.2806314000045,219.2806314000045,219.2806314000045,219.2806314000045,219.2806314000045,0.0008394999895244837,219.2806314000045,221.29727049998473,[0.4361979166666667],[0.3919270833333333],[1],[0],[0],[2.0282734999782406],[1],['subtle_anger'],221.2994272999931,221.3117833000142,0.0008064999710768461,221.3117833000142,221.3117833000142,221.3117833000142,221.3117833000142,221.3117833000142,221.3117833000142,221.3117833000142,224.1459288999904,[-0.23177083333333334],[-0.4049479166666667],[1],[0],[0],[2.8448663000017405],[1],['subtle_anger_main'],,,,,,,,,,,,,,,,,,,,,,,,,,,,,,,,,,,,,,,,,,,,,,,,,,04S,001,2024-12-03_20h12.43.248,SOLO_PROJECT_EXPERIMENT_NUTAN_KAIN_AU2220019,2024.1.5,None,2024-12-03 20h13.03.712902 +0530,
40,0,40,0,,,,,224.15909359999932,,,,,,,,,,,,,,,,,224.1483753999928,224.15909359999932,224.15909359999932,224.15909359999932,224.15909359999932,224.15909359999932,224.15909359999932,224.15909359999932,0.0013995000044815242,224.15909359999932,226.49191280000377,[-0.057291666666666664],[-0.15234375],[1],[0],[0],[2.3419887999771163],[1],['subtle_anger'],226.49309840000933,226.50682790001156,0.0005954999942332506,226.50682790001156,226.50682790001156,226.50682790001156,226.50682790001156,226.50682790001156,226.50682790001156,226.50682790001156,227.8240977000096,[0.48046875],[0.1484375],[1],[0],[0],[1.3297679999959655],[1],['subtle_anger_main'],,,,,,,,,,,,,,,,,,,,,,,,,,,,,,,,,,,,,,,,,,,,,,,,,,04S,001,2024-12-03_20h12.43.248,SOLO_PROJECT_EXPERIMENT_NUTAN_KAIN_AU2220019,2024.1.5,None,2024-12-03 20h13.03.712902 +0530,
41,0,41,0,,,,,227.83887979999417,,,,,,,,,,,,,,,,,227.82616559998132,227.83887979999417,227.83887979999417,227.83887979999417,227.83887979999417,227.83887979999417,227.83887979999417,227.83887979999417,0.001184399996418506,227.83887979999417,229.25760209996952,[-0.5572916666666666],[-0.2526041666666667],[1],[0],[0],[1.4297778999898583],[1],['subtle_anger'],229.25965369999176,229.27162830001907,0.0009311999892815948,229.27162830001907,229.27162830001907,229.27162830001907,229.27162830001907,229.27162830001907,229.27162830001907,229.27162830001907,230.53840840002522,[0.14453125],[0.3932291666666667],[1],[0],[0],[1.277110199967865],[1],['subtle_anger_main'],,,,,,,,,,,,,,,,,,,,,,,,,,,,,,,,,,,,,,,,,,,,,,,,,,04S,001,2024-12-03_20h12.43.248,SOLO_PROJECT_EXPERIMENT_NUTAN_KAIN_AU2220019,2024.1.5,None,2024-12-03 20h13.03.712902 +0530,
42,0,42,0,,,,,230.55265299999155,,,,,,,,,,,,,,,,,230.54049929999746,230.55265299999155,230.55265299999155,230.55265299999155,230.55265299999155,230.55265299999155,230.55265299999155,230.55265299999155,0.0011561000137589872,230.55265299999155,231.65389339998364,[0.46484375],[0.24869791666666666],[1],[0],[0],[1.1119329000357538],[1],['subtle_anger'],231.65505060000578,231.6683918000199,0.0005016999784857035,231.6683918000199,231.6683918000199,231.6683918000199,231.6683918000199,231.6683918000199,231.6683918000199,231.6683918000199,233.26895810000133,[-0.11848958333333333],[0.044270833333333336],[1],[0],[0],[1.6128726999741048],[1],['subtle_anger_main'],,,,,,,,,,,,,,,,,,,,,,,,,,,,,,,,,,,,,,,,,,,,,,,,,,04S,001,2024-12-03_20h12.43.248,SOLO_PROJECT_EXPERIMENT_NUTAN_KAIN_AU2220019,2024.1.5,None,2024-12-03 20h13.03.712902 +0530,
43,0,43,0,,,,,233.28376989997923,,,,,,,,,,,,,,,,,233.27049000002444,233.28376989997923,233.28376989997923,233.28376989997923,233.28376989997923,233.28376989997923,233.28376989997923,233.28376989997923,0.0008272000122815371,233.28376989997923,234.30116590001853,[0.10286458333333333],[0.12630208333333334],[1],[0],[0],[1.0293903999845497],[1],['subtle_anger'],234.30276819999563,234.31583929999033,0.0006554999854415655,234.31583929999033,234.31583929999033,234.31583929999033,234.31583929999033,234.31583929999033,234.31583929999033,234.31583929999033,235.33386680000694,[0.14453125],[0.10416666666666667],[1],[0],[0],[1.029763099970296],[1],['subtle_anger_main'],,,,,,,,,,,,,,,,,,,,,,,,,,,,,,,,,,,,,,,,,,,,,,,,,,04S,001,2024-12-03_20h12.43.248,SOLO_PROJECT_EXPERIMENT_NUTAN_KAIN_AU2220019,2024.1.5,None,2024-12-03 20h13.03.712902 +0530,
44,0,44,0,,,,,235.34807289997116,,,,,,,,,,,,,,,,,235.3358705000137,235.34807289997116,235.34807289997116,235.34807289997116,235.34807289997116,235.34807289997116,235.34807289997116,235.34807289997116,0.0010259999544359744,235.34807289997116,237.73166220000712,[-0.3203125],[0.16796875],[1],[0],[0],[2.3942424000124447],[1],['subtle_anger'],237.73360640002647,237.74641209997935,0.0008685999782755971,237.74641209997935,237.74641209997935,237.74641209997935,237.74641209997935,237.74641209997935,237.74641209997935,237.74641209997935,240.72846910002409,[-0.34375],[-0.07682291666666667],[1],[0],[0],[2.9932551000383683],[1],['subtle_anger_main'],,,,,,,,,,,,,,,,,,,,,,,,,,,,,,,,,,,,,,,,,,,,,,,,,,04S,001,2024-12-03_20h12.43.248,SOLO_PROJECT_EXPERIMENT_NUTAN_KAIN_AU2220019,2024.1.5,None,2024-12-03 20h13.03.712902 +0530,
45,0,45,0,,,,,240.743103899993,,,,,,,,,,,,,,,,,240.73052590002771,240.743103899993,240.743103899993,240.743103899993,240.743103899993,240.743103899993,240.743103899993,240.743103899993,0.0012260000221431255,240.743103899993,242.14421260001836,[0.22916666666666666],[0.3255208333333333],[1],[0],[0],[1.4120767999556847],[1],['subtle_anger'],242.14711889997125,242.159034900018,0.000838699983432889,242.159034900018,242.159034900018,242.159034900018,242.159034900018,242.159034900018,242.159034900018,242.159034900018,244.14163069997448,[-0.18880208333333334],[0.140625],[1],[0],[0],[1.9929420999833383],[1],['subtle_anger_main'],,,,,,,,,,,,,,,,,,,,,,,,,,,,,,,,,,,,,,,,,,,,,,,,,,04S,001,2024-12-03_20h12.43.248,SOLO_PROJECT_EXPERIMENT_NUTAN_KAIN_AU2220019,2024.1.5,None,2024-12-03 20h13.03.712902 +0530,
46,0,46,0,,,,,244.15653739997651,,,,,,,,,,,,,,,,,244.14397229999304,244.15653739997651,244.15653739997651,244.15653739997651,244.15653739997651,244.15653739997651,244.15653739997651,244.15653739997651,0.0012447999906726182,244.15653739997651,246.67245409998577,[0.4296875],[0.16015625],[1],[0],[0],[2.526968000049237],[1],['subtle_anger'],246.67391110002063,246.68763190001482,0.0006291999598033726,246.68763190001482,246.68763190001482,246.68763190001482,246.68763190001482,246.68763190001482,246.68763190001482,246.68763190001482,249.30371619999642,[0.11328125],[-0.3255208333333333],[1],[0],[0],[2.6283902999712154],[1],['subtle_anger_main'],,,,,,,,,,,,,,,,,,,,,,,,,,,,,,,,,,,,,,,,,,,,,,,,,,04S,001,2024-12-03_20h12.43.248,SOLO_PROJECT_EXPERIMENT_NUTAN_KAIN_AU2220019,2024.1.5,None,2024-12-03 20h13.03.712902 +0530,
47,0,47,0,,,,,249.31759619998047,,,,,,,,,,,,,,,,,249.30596989998594,249.31759619998047,249.31759619998047,249.31759619998047,249.31759619998047,249.31759619998047,249.31759619998047,249.31759619998047,0.0012316000065766275,249.31759619998047,251.1870236999821,[0.21875],[-0.0859375],[1],[0],[0],[1.8792230000253767],[1],['subtle_anger'],251.18947270000353,251.20230669999728,0.0010300999856553972,251.20230669999728,251.20230669999728,251.20230669999728,251.20230669999728,251.20230669999728,251.20230669999728,251.20230669999728,254.0186486999737,[-0.4153645833333333],[0.35546875],[1],[0],[0],[2.8270077999914065],[1],['subtle_anger_main'],,,,,,,,,,,,,,,,,,,,,,,,,,,,,,,,,,,,,,,,,,,,,,,,,,04S,001,2024-12-03_20h12.43.248,SOLO_PROJECT_EXPERIMENT_NUTAN_KAIN_AU2220019,2024.1.5,None,2024-12-03 20h13.03.712902 +0530,
48,0,48,0,,,,,254.03652209998108,,,,,,,,,,,,,,,,,254.02224030002253,254.03652209998108,254.03652209998108,254.03652209998108,254.03652209998108,254.03652209998108,254.03652209998108,254.03652209998108,0.002231099992059171,254.03652209998108,256.0302730000112,[0.3854166666666667],[-0.18359375],[1],[0],[0],[2.006101399951149],[1],['subtle_anger'],256.03185189998476,256.04428710002685,0.0007091999868862331,256.04428710002685,256.04428710002685,256.04428710002685,256.04428710002685,256.04428710002685,256.04428710002685,256.04428710002685,257.630304899998,[0.20052083333333334],[0.3125],[1],[0],[0],[1.596947000012733],[1],['subtle_anger_main'],,,,,,,,,,,,,,,,,,,,,,,,,,,,,,,,,,,,,,,,,,,,,,,,,,04S,001,2024-12-03_20h12.43.248,SOLO_PROJECT_EXPERIMENT_NUTAN_KAIN_AU2220019,2024.1.5,None,2024-12-03 20h13.03.712902 +0530,
49,0,49,0,,,,,257.6435650999774,,,,,,,,,,,,,,,,,257.6327407999779,257.6435650999774,257.6435650999774,257.6435650999774,257.6435650999774,257.6435650999774,257.6435650999774,257.6435650999774,0.001289999985601753,257.6435650999774,259.1280134000117,[0.33984375],[0.3203125],[1],[0],[0],[1.4935501999570988],[1],['subtle_anger'],259.1299046999775,259.14139539998723,0.0008652000105939806,259.14139539998723,259.14139539998723,259.14139539998723,259.14139539998723,259.14139539998723,259.14139539998723,259.14139539998723,260.95906309998827,[-0.07421875],[-0.078125],[1],[0],[0],[1.8276757000130601],[1],['subtle_anger_main'],,,,,,,,,,,,,,,,,,,,,,,,,,,,,,,,,,,,,,,,,,,,,,,,,,04S,001,2024-12-03_20h12.43.248,SOLO_PROJECT_EXPERIMENT_NUTAN_KAIN_AU2220019,2024.1.5,None,2024-12-03 20h13.03.712902 +0530,
,,,,,,,,,,,,,,,,,,,,,,,,,,,,,,,,,,,,,,,,,,,,,,,,,,,,,,,,,,,,,,,260.9608297999948,260.9771317000268,260.9771317000268,260.9771317000268,269.00184560002526,space,8.022692800033838,None,,,,,,,,,,,,,,,,,,,,,,,,,,,,,,,,,,,,,,,,,,04S,001,2024-12-03_20h12.43.248,SOLO_PROJECT_EXPERIMENT_NUTAN_KAIN_AU2220019,2024.1.5,None,2024-12-03 20h13.03.712902 +0530,
,,,,0,0,0,0,269.0877209000173,,,,,,,,,,,,,,,,,,,,,,,,,,,,,,,,,,,,,,,,,,,,,,,,,,,,,,,,,,,,,,,269.00481920002494,269.0877209000173,269.0877209000173,269.0877209000173,269.0877209000173,269.0877209000173,269.0877209000173,269.0877209000173,0.003875299997162074,269.0877209000173,271.5976035000058,[-0.13151041666666666],[0.040364583333333336],[1],[0],[0],[2.5911879999912344],[1],['clear_anger'],271.5993082000059,271.93159079999896,0.00041420001070946455,271.93159079999896,271.93159079999896,271.93159079999896,271.93159079999896,271.93159079999896,271.93159079999896,271.93159079999896,277.5101712999749,[-0.01953125],[0.390625],[1],[0],[0],[5.90973940002732],[1],['clear_anger_main'],,,,04S,001,2024-12-03_20h12.43.248,SOLO_PROJECT_EXPERIMENT_NUTAN_KAIN_AU2220019,2024.1.5,None,2024-12-03 20h13.03.712902 +0530,
,,,,1,0,1,0,277.5241838999791,,,,,,,,,,,,,,,,,,,,,,,,,,,,,,,,,,,,,,,,,,,,,,,,,,,,,,,,,,,,,,,277.5137011000188,277.5241838999791,277.5241838999791,277.5241838999791,277.5241838999791,277.5241838999791,277.5241838999791,277.5241838999791,0.0012352000339888036,277.5241838999791,282.5201793999877,[0.4075520833333333],[-0.20442708333333334],[1],[0],[0],[5.004862100002356],[1],['clear_anger'],282.52221949998057,282.53549939999357,0.0008080999832600355,282.53549939999357,282.53549939999357,282.53549939999357,282.53549939999357,282.53549939999357,282.53549939999357,282.53549939999357,284.3183509000228,[-0.14322916666666666],[-0.140625],[1],[0],[0],[1.7946116999955848],[1],['clear_anger_main'],,,,04S,001,2024-12-03_20h12.43.248,SOLO_PROJECT_EXPERIMENT_NUTAN_KAIN_AU2220019,2024.1.5,None,2024-12-03 20h13.03.712902 +0530,
,,,,2,0,2,0,284.33378139999695,,,,,,,,,,,,,,,,,,,,,,,,,,,,,,,,,,,,,,,,,,,,,,,,,,,,,,,,,,,,,,,284.3202123999945,284.33378139999695,284.33378139999695,284.33378139999695,284.33378139999695,284.33378139999695,284.33378139999695,284.33378139999695,0.0011585999745875597,284.33378139999695,286.21792089997325,[0.3580729166666667],[-0.22786458333333334],[1],[0],[0],[1.896416700037662],[1],['clear_anger'],286.21951099997386,286.23099359998014,0.0007562999962829053,286.23099359998014,286.23099359998014,286.23099359998014,286.23099359998014,286.23099359998014,286.23099359998014,286.23099359998014,287.6320020999992,[0.3333333333333333],[0.0026041666666666665],[1],[0],[0],[1.4111427000025287],[1],['clear_anger_main'],,,,04S,001,2024-12-03_20h12.43.248,SOLO_PROJECT_EXPERIMENT_NUTAN_KAIN_AU2220019,2024.1.5,None,2024-12-03 20h13.03.712902 +0530,
,,,,3,0,3,0,287.6470278999768,,,,,,,,,,,,,,,,,,,,,,,,,,,,,,,,,,,,,,,,,,,,,,,,,,,,,,,,,,,,,,,287.63346410001395,287.6470278999768,287.6470278999768,287.6470278999768,287.6470278999768,287.6470278999768,287.6470278999768,287.6470278999768,0.0007877000025473535,287.6470278999768,289.6636800999986,[-0.3828125],[-0.20182291666666666],[1],[0],[0],[2.028877599979751],[1],['clear_anger'],289.6653744999785,289.678354499978,0.0007393999840132892,289.678354499978,289.678354499978,289.678354499978,289.678354499978,289.678354499978,289.678354499978,289.678354499978,291.66161690000445,[-0.22916666666666666],[-0.37890625],[1],[0],[0],[1.9947651000111364],[1],['clear_anger_main'],,,,04S,001,2024-12-03_20h12.43.248,SOLO_PROJECT_EXPERIMENT_NUTAN_KAIN_AU2220019,2024.1.5,None,2024-12-03 20h13.03.712902 +0530,
,,,,4,0,4,0,291.67624190001516,,,,,,,,,,,,,,,,,,,,,,,,,,,,,,,,,,,,,,,,,,,,,,,,,,,,,,,,,,,,,,,291.6634420999908,291.67624190001516,291.67624190001516,291.67624190001516,291.67624190001516,291.67624190001516,291.67624190001516,291.67624190001516,0.0009022000012919307,291.67624190001516,293.5603669999982,[0.23958333333333334],[0.3489583333333333],[1],[0],[0],[1.8954917000373825],[1],['clear_anger'],293.562131499988,293.5744793000049,0.0006965000065974891,293.5744793000049,293.5744793000049,293.5744793000049,293.5744793000049,293.5744793000049,293.5744793000049,293.5744793000049,298.35450179997133,[0.13151041666666666],[0.4466145833333333],[1],[0],[0],[4.790989100001752],[1],['clear_anger_main'],,,,04S,001,2024-12-03_20h12.43.248,SOLO_PROJECT_EXPERIMENT_NUTAN_KAIN_AU2220019,2024.1.5,None,2024-12-03 20h13.03.712902 +0530,
,,,,5,0,5,0,298.3694304000237,,,,,,,,,,,,,,,,,,,,,,,,,,,,,,,,,,,,,,,,,,,,,,,,,,,,,,,,,,,,,,,298.3565186000196,298.3694304000237,298.3694304000237,298.3694304000237,298.3694304000237,298.3694304000237,298.3694304000237,298.3694304000237,0.0011269000242464244,298.3694304000237,300.3862871999736,[-0.27734375],[-0.2903645833333333],[1],[0],[0],[2.028311100031715],[1],['clear_anger'],300.3875517999986,300.40120859997114,0.0005404999828897417,300.40120859997114,300.40120859997114,300.40120859997114,300.40120859997114,300.40120859997114,300.40120859997114,300.40120859997114,303.88406150002265,[0.24869791666666666],[0.20182291666666666],[1],[0],[0],[3.495128999988083],[1],['clear_anger_main'],,,,04S,001,2024-12-03_20h12.43.248,SOLO_PROJECT_EXPERIMENT_NUTAN_KAIN_AU2220019,2024.1.5,None,2024-12-03 20h13.03.712902 +0530,
,,,,6,0,6,0,303.897187799972,,,,,,,,,,,,,,,,,,,,,,,,,,,,,,,,,,,,,,,,,,,,,,,,,,,,,,,,,,,,,,,303.88694419997046,303.897187799972,303.897187799972,303.897187799972,303.897187799972,303.897187799972,303.897187799972,303.897187799972,0.0012426000321283937,303.897187799972,307.84627109998837,[-0.06510416666666667],[0.4127604166666667],[1],[0],[0],[3.9578540999791585],[1],['clear_anger'],307.8476844999823,307.86017100000754,0.0006871999939903617,307.86017100000754,307.86017100000754,307.86017100000754,307.86017100000754,307.86017100000754,307.86017100000754,307.86017100000754,310.27804990002187,[0.40234375],[0.07291666666666667],[1],[0],[0],[2.428687900013756],[1],['clear_anger_main'],,,,04S,001,2024-12-03_20h12.43.248,SOLO_PROJECT_EXPERIMENT_NUTAN_KAIN_AU2220019,2024.1.5,None,2024-12-03 20h13.03.712902 +0530,
,,,,7,0,7,0,310.2928179000155,,,,,,,,,,,,,,,,,,,,,,,,,,,,,,,,,,,,,,,,,,,,,,,,,,,,,,,,,,,,,,,310.28107879997697,310.2928179000155,310.2928179000155,310.2928179000155,310.2928179000155,310.2928179000155,310.2928179000155,310.2928179000155,0.001584300014656037,310.2928179000155,311.29205970000476,[-0.20703125],[0.24869791666666666],[1],[0],[0],[1.0093392999842763],[1],['clear_anger'],311.2931300000055,311.30669609998586,0.0005223999614827335,311.30669609998586,311.30669609998586,311.30669609998586,311.30669609998586,311.30669609998586,311.30669609998586,311.30669609998586,314.67233329999726,[-0.4309895833333333],[-0.3802083333333333],[1],[0],[0],[3.3779988000169396],[1],['clear_anger_main'],,,,04S,001,2024-12-03_20h12.43.248,SOLO_PROJECT_EXPERIMENT_NUTAN_KAIN_AU2220019,2024.1.5,None,2024-12-03 20h13.03.712902 +0530,
,,,,8,0,8,0,314.68721920001553,,,,,,,,,,,,,,,,,,,,,,,,,,,,,,,,,,,,,,,,,,,,,,,,,,,,,,,,,,,,,,,314.674249099975,314.68721920001553,314.68721920001553,314.68721920001553,314.68721920001553,314.68721920001553,314.68721920001553,314.68721920001553,0.001061999995727092,314.68721920001553,316.1040043000248,[-0.4244791666666667],[-0.0013020833333333333],[1],[0],[0],[1.4283913999679498],[1],['clear_anger'],316.1054065999924,316.11896120000165,0.0006581000052392483,316.11896120000165,316.11896120000165,316.11896120000165,316.11896120000165,316.11896120000165,316.11896120000165,316.11896120000165,317.18741469999077,[0.13671875],[0.23697916666666666],[1],[0],[0],[1.0805729000130668],[1],['clear_anger_main'],,,,04S,001,2024-12-03_20h12.43.248,SOLO_PROJECT_EXPERIMENT_NUTAN_KAIN_AU2220019,2024.1.5,None,2024-12-03 20h13.03.712902 +0530,
,,,,9,0,9,0,317.2011366999941,,,,,,,,,,,,,,,,,,,,,,,,,,,,,,,,,,,,,,,,,,,,,,,,,,,,,,,,,,,,,,,317.1896298999782,317.2011366999941,317.2011366999941,317.2011366999941,317.2011366999941,317.2011366999941,317.2011366999941,317.2011366999941,0.0011862999526783824,317.2011366999941,318.21879519999493,[-0.23828125],[0.30859375],[1],[0],[0],[1.027712100010831],[1],['clear_anger'],318.22019979998004,318.2334774999763,0.0007411999977193773,318.2334774999763,318.2334774999763,318.2334774999763,318.2334774999763,318.2334774999763,318.2334774999763,318.2334774999763,319.4173774999799,[0.3098958333333333],[0.3645833333333333],[1],[0],[0],[1.1959377999883145],[1],['clear_anger_main'],,,,04S,001,2024-12-03_20h12.43.248,SOLO_PROJECT_EXPERIMENT_NUTAN_KAIN_AU2220019,2024.1.5,None,2024-12-03 20h13.03.712902 +0530,
,,,,10,0,10,0,319.43223919998854,,,,,,,,,,,,,,,,,,,,,,,,,,,,,,,,,,,,,,,,,,,,,,,,,,,,,,,,,,,,,,,319.41886819998035,319.43223919998854,319.43223919998854,319.43223919998854,319.43223919998854,319.43223919998854,319.43223919998854,319.43223919998854,0.0008323999936692417,319.43223919998854,320.86866029998055,[-0.3776041666666667],[0.15494791666666666],[1],[0],[0],[1.448256700008642],[1],['clear_anger'],320.8708331999951,320.8832858999958,0.0009657999617047608,320.8832858999958,320.8832858999958,320.8832858999958,320.8832858999958,320.8832858999958,320.8832858999958,320.8832858999958,322.34901569999056,[-0.3776041666666667],[0.15494791666666666],[1],[0],[0],[1.4763970000203699],[1],['clear_anger_main'],,,,04S,001,2024-12-03_20h12.43.248,SOLO_PROJECT_EXPERIMENT_NUTAN_KAIN_AU2220019,2024.1.5,None,2024-12-03 20h13.03.712902 +0530,
,,,,11,0,11,0,322.36262889998034,,,,,,,,,,,,,,,,,,,,,,,,,,,,,,,,,,,,,,,,,,,,,,,,,,,,,,,,,,,,,,,322.35135299997637,322.36262889998034,322.36262889998034,322.36262889998034,322.36262889998034,322.36262889998034,322.36262889998034,322.36262889998034,0.0011256999569013715,322.36262889998034,323.862890599994,[0.21875],[0.052083333333333336],[1],[0],[0],[1.5102432000567205],[1],['clear_anger'],323.8642404000275,323.87823390000267,0.0005657999427057803,323.87823390000267,323.87823390000267,323.87823390000267,323.87823390000267,323.87823390000267,323.87823390000267,323.87823390000267,324.9789163999958,[-0.4479166666666667],[-0.014322916666666666],[1],[0],[0],[1.1134870999958366],[1],['clear_anger_main'],,,,04S,001,2024-12-03_20h12.43.248,SOLO_PROJECT_EXPERIMENT_NUTAN_KAIN_AU2220019,2024.1.5,None,2024-12-03 20h13.03.712902 +0530,
,,,,12,0,12,0,324.99346959998365,,,,,,,,,,,,,,,,,,,,,,,,,,,,,,,,,,,,,,,,,,,,,,,,,,,,,,,,,,,,,,,324.98108719999436,324.99346959998365,324.99346959998365,324.99346959998365,324.99346959998365,324.99346959998365,324.99346959998365,324.99346959998365,0.0011814000317826867,324.99346959998365,327.0944650999736,[0.0234375],[-0.4583333333333333],[1],[0],[0],[2.1115319000091404],[1],['clear_anger'],327.0968191999709,327.1088153999881,0.0009719000081531703,327.1088153999881,327.1088153999881,327.1088153999881,327.1088153999881,327.1088153999881,327.1088153999881,327.1088153999881,328.55963370000245,[0.23697916666666666],[0.37890625],[1],[0],[0],[1.461176999961026],[1],['clear_anger_main'],,,,04S,001,2024-12-03_20h12.43.248,SOLO_PROJECT_EXPERIMENT_NUTAN_KAIN_AU2220019,2024.1.5,None,2024-12-03 20h13.03.712902 +0530,
,,,,13,0,13,0,328.57334359997185,,,,,,,,,,,,,,,,,,,,,,,,,,,,,,,,,,,,,,,,,,,,,,,,,,,,,,,,,,,,,,,328.56152859999565,328.57334359997185,328.57334359997185,328.57334359997185,328.57334359997185,328.57334359997185,328.57334359997185,328.57334359997185,0.0010640000109560788,328.57334359997185,333.4759640999837,[-0.4114583333333333],[-0.3125],[1],[0],[0],[4.912276800023392],[1],['clear_anger'],333.48214959999314,333.50202259997604,0.0037240000092424452,333.50202259997604,333.50202259997604,333.50202259997604,333.50202259997604,333.50202259997604,333.50202259997604,333.50202259997604,334.68626909999875,[-0.4010416666666667],[0.020833333333333332],[1],[0],[0],[1.199512900027912],[1],['clear_anger_main'],,,,04S,001,2024-12-03_20h12.43.248,SOLO_PROJECT_EXPERIMENT_NUTAN_KAIN_AU2220019,2024.1.5,None,2024-12-03 20h13.03.712902 +0530,
,,,,14,0,14,0,334.7022434999817,,,,,,,,,,,,,,,,,,,,,,,,,,,,,,,,,,,,,,,,,,,,,,,,,,,,,,,,,,,,,,,334.6887401000131,334.7022434999817,334.7022434999817,334.7022434999817,334.7022434999817,334.7022434999817,334.7022434999817,334.7022434999817,0.0012591999839060009,334.7022434999817,336.2205339000211,[0.4973958333333333],[0.19140625],[1],[0],[0],[1.5297195999883115],[1],['clear_anger'],336.22353810002096,336.2425048999721,0.001373099978081882,336.2425048999721,336.2425048999721,336.2425048999721,336.2425048999721,336.2425048999721,336.2425048999721,336.2425048999721,337.76921519997995,[0.040364583333333336],[-0.2630208333333333],[1],[0],[0],[1.5431503999861889],[1],['clear_anger_main'],,,,04S,001,2024-12-03_20h12.43.248,SOLO_PROJECT_EXPERIMENT_NUTAN_KAIN_AU2220019,2024.1.5,None,2024-12-03 20h13.03.712902 +0530,
,,,,15,0,15,0,337.7877695999923,,,,,,,,,,,,,,,,,,,,,,,,,,,,,,,,,,,,,,,,,,,,,,,,,,,,,,,,,,,,,,,337.77270570001565,337.7877695999923,337.7877695999923,337.7877695999923,337.7877695999923,337.7877695999923,337.7877695999923,337.7877695999923,0.0019939999911002815,337.7877695999923,338.83347660000436,[-0.15494791666666666],[0.03515625],[1],[0],[0],[1.0580801999894902],[1],['clear_anger'],338.83639319997746,338.8525500000105,0.0012610999983735383,338.8525500000105,338.8525500000105,338.8525500000105,338.8525500000105,338.8525500000105,338.8525500000105,338.8525500000105,341.42912699998124,[0.3984375],[-0.4401041666666667],[1],[0],[0],[2.590626900026109],[1],['clear_anger_main'],,,,04S,001,2024-12-03_20h12.43.248,SOLO_PROJECT_EXPERIMENT_NUTAN_KAIN_AU2220019,2024.1.5,None,2024-12-03 20h13.03.712902 +0530,
,,,,16,0,16,0,341.4442027999903,,,,,,,,,,,,,,,,,,,,,,,,,,,,,,,,,,,,,,,,,,,,,,,,,,,,,,,,,,,,,,,341.4314899999881,341.4442027999903,341.4442027999903,341.4442027999903,341.4442027999903,341.4442027999903,341.4442027999903,341.4442027999903,0.0012564999633468688,341.4442027999903,342.57779579999624,[0.1171875],[-0.08203125],[1],[0],[0],[1.144738500006497],[1],['clear_anger'],342.5790046000038,342.5925736000063,0.00046389998169615865,342.5925736000063,342.5925736000063,342.5925736000063,342.5925736000063,342.5925736000063,342.5925736000063,342.5925736000063,343.6458037000266,[0.2799479166666667],[0.13020833333333334],[1],[0],[0],[1.065160800004378],[1],['clear_anger_main'],,,,04S,001,2024-12-03_20h12.43.248,SOLO_PROJECT_EXPERIMENT_NUTAN_KAIN_AU2220019,2024.1.5,None,2024-12-03 20h13.03.712902 +0530,
,,,,17,0,17,0,343.6666948000202,,,,,,,,,,,,,,,,,,,,,,,,,,,,,,,,,,,,,,,,,,,,,,,,,,,,,,,,,,,,,,,343.6491198000149,343.6666948000202,343.6666948000202,343.6666948000202,343.6666948000202,343.6666948000202,343.6666948000202,343.6666948000202,0.00183709996053949,343.6666948000202,344.9920878999983,[0.33984375],[-0.14453125],[1],[0],[0],[1.3409624000196345],[1],['clear_anger'],344.99345429998357,345.00752540002577,0.0005469000316224992,345.00752540002577,345.00752540002577,345.00752540002577,345.00752540002577,345.00752540002577,345.00752540002577,345.00752540002577,347.2581431000144,[-0.4440104166666667],[0.30859375],[1],[0],[0],[2.2633861000067554],[1],['clear_anger_main'],,,,04S,001,2024-12-03_20h12.43.248,SOLO_PROJECT_EXPERIMENT_NUTAN_KAIN_AU2220019,2024.1.5,None,2024-12-03 20h13.03.712902 +0530,
,,,,18,0,18,0,347.27178489998914,,,,,,,,,,,,,,,,,,,,,,,,,,,,,,,,,,,,,,,,,,,,,,,,,,,,,,,,,,,,,,,347.26034500001697,347.27178489998914,347.27178489998914,347.27178489998914,347.27178489998914,347.27178489998914,347.27178489998914,347.27178489998914,0.0011826999834738672,347.27178489998914,348.4398295999854,[-0.27734375],[0.3502604166666667],[1],[0],[0],[1.1779438000521623],[1],['clear_anger'],348.44143409997923,348.45402369997464,0.0007467999821528792,348.45402369997464,348.45402369997464,348.45402369997464,348.45402369997464,348.45402369997464,348.45402369997464,348.45402369997464,349.50511769996956,[-0.15885416666666666],[0.18489583333333334],[1],[0],[0],[1.0621479999972507],[1],['clear_anger_main'],,,,04S,001,2024-12-03_20h12.43.248,SOLO_PROJECT_EXPERIMENT_NUTAN_KAIN_AU2220019,2024.1.5,None,2024-12-03 20h13.03.712902 +0530,
,,,,19,0,19,0,349.51952099998016,,,,,,,,,,,,,,,,,,,,,,,,,,,,,,,,,,,,,,,,,,,,,,,,,,,,,,,,,,,,,,,349.507229299983,349.51952099998016,349.51952099998016,349.51952099998016,349.51952099998016,349.51952099998016,349.51952099998016,349.51952099998016,0.0010856000008061528,349.51952099998016,351.22162039997056,[0.4309895833333333],[-0.3294270833333333],[1],[0],[0],[1.7127970999572426],[1],['clear_anger'],351.2234494999866,351.2349692999851,0.000831599987577647,351.2349692999851,351.2349692999851,351.2349692999851,351.2349692999851,351.2349692999851,351.2349692999851,351.2349692999851,352.4859504000051,[0.053385416666666664],[0.3515625],[1],[0],[0],[1.2609704000060447],[1],['clear_anger_main'],,,,04S,001,2024-12-03_20h12.43.248,SOLO_PROJECT_EXPERIMENT_NUTAN_KAIN_AU2220019,2024.1.5,None,2024-12-03 20h13.03.712902 +0530,
,,,,20,0,20,0,352.5002709000255,,,,,,,,,,,,,,,,,,,,,,,,,,,,,,,,,,,,,,,,,,,,,,,,,,,,,,,,,,,,,,,352.48828350001713,352.5002709000255,352.5002709000255,352.5002709000255,352.5002709000255,352.5002709000255,352.5002709000255,352.5002709000255,0.0012380999978631735,352.5002709000255,353.66870570002357,[0.2786458333333333],[0.3723958333333333],[1],[0],[0],[1.1787102000089362],[1],['clear_anger'],353.67053519998444,353.68262909998884,0.0008143999730236828,353.68262909998884,353.68262909998884,353.68262909998884,353.68262909998884,353.68262909998884,353.68262909998884,353.68262909998884,356.1995056999731,[0.2825520833333333],[0.2890625],[1],[0],[0],[2.5272442999994382],[1],['clear_anger_main'],,,,04S,001,2024-12-03_20h12.43.248,SOLO_PROJECT_EXPERIMENT_NUTAN_KAIN_AU2220019,2024.1.5,None,2024-12-03 20h13.03.712902 +0530,
,,,,21,0,21,0,356.2165343000088,,,,,,,,,,,,,,,,,,,,,,,,,,,,,,,,,,,,,,,,,,,,,,,,,,,,,,,,,,,,,,,356.20245859998977,356.2165343000088,356.2165343000088,356.2165343000088,356.2165343000088,356.2165343000088,356.2165343000088,356.2165343000088,0.0017533000209368765,356.2165343000088,357.86709860002156,[0.4309895833333333],[-0.14583333333333334],[1],[0],[0],[1.6622156000230461],[1],['clear_anger'],357.8698999999906,357.8894016999984,0.0014915999490767717,357.8894016999984,357.8894016999984,357.8894016999984,357.8894016999984,357.8894016999984,357.8894016999984,357.8894016999984,358.76515659998404,[0.12109375],[0.1953125],[1],[0],[0],[0.8928556999890134],[1],['clear_anger_main'],,,,04S,001,2024-12-03_20h12.43.248,SOLO_PROJECT_EXPERIMENT_NUTAN_KAIN_AU2220019,2024.1.5,None,2024-12-03 20h13.03.712902 +0530,
,,,,22,0,22,0,358.78133829997387,,,,,,,,,,,,,,,,,,,,,,,,,,,,,,,,,,,,,,,,,,,,,,,,,,,,,,,,,,,,,,,358.7682715000119,358.78133829997387,358.78133829997387,358.78133829997387,358.78133829997387,358.78133829997387,358.78133829997387,358.78133829997387,0.0016757000121288002,358.78133829997387,362.759949099971,[-0.08854166666666667],[0.4635416666666667],[1],[0],[0],[3.989789099956397],[1],['clear_anger'],362.7618765999796,362.77368829998886,0.0007804000051692128,362.77368829998886,362.77368829998886,362.77368829998886,362.77368829998886,362.77368829998886,362.77368829998886,362.77368829998886,364.07581860001665,[0.24869791666666666],[-0.09244791666666667],[1],[0],[0],[1.312342000019271],[1],['clear_anger_main'],,,,04S,001,2024-12-03_20h12.43.248,SOLO_PROJECT_EXPERIMENT_NUTAN_KAIN_AU2220019,2024.1.5,None,2024-12-03 20h13.03.712902 +0530,
,,,,23,0,23,0,364.089223899995,,,,,,,,,,,,,,,,,,,,,,,,,,,,,,,,,,,,,,,,,,,,,,,,,,,,,,,,,,,,,,,364.07796650001546,364.089223899995,364.089223899995,364.089223899995,364.089223899995,364.089223899995,364.089223899995,364.089223899995,0.0011771999998018146,364.089223899995,366.08871250000084,[0.19661458333333334],[0.4088541666666667],[1],[0],[0],[2.0092769999755546],[1],['clear_anger'],366.0900145000196,366.10337989998516,0.00047070003347471356,366.10337989998516,366.10337989998516,366.10337989998516,366.10337989998516,366.10337989998516,366.10337989998516,366.10337989998516,368.07089219999034,[-0.29296875],[0.048177083333333336],[1],[0],[0],[1.979743600008078],[1],['clear_anger_main'],,,,04S,001,2024-12-03_20h12.43.248,SOLO_PROJECT_EXPERIMENT_NUTAN_KAIN_AU2220019,2024.1.5,None,2024-12-03 20h13.03.712902 +0530,
,,,,24,0,24,0,368.08479150000494,,,,,,,,,,,,,,,,,,,,,,,,,,,,,,,,,,,,,,,,,,,,,,,,,,,,,,,,,,,,,,,368.0728489999892,368.08479150000494,368.08479150000494,368.08479150000494,368.08479150000494,368.08479150000494,368.08479150000494,368.08479150000494,0.0010837000445462763,368.08479150000494,369.7016462999745,[-0.359375],[-0.12369791666666667],[1],[0],[0],[1.6273893999750726],[1],['clear_anger'],369.70334790000925,369.71658740000566,0.0007336999988183379,369.71658740000566,369.71658740000566,369.71658740000566,369.71658740000566,369.71658740000566,369.71658740000566,369.71658740000566,374.2645730000222,[-0.1640625],[-0.10807291666666667],[1],[0],[0],[4.55984320002608],[1],['clear_anger_main'],,,,04S,001,2024-12-03_20h12.43.248,SOLO_PROJECT_EXPERIMENT_NUTAN_KAIN_AU2220019,2024.1.5,None,2024-12-03 20h13.03.712902 +0530,
,,,,25,0,25,0,374.27902660000836,,,,,,,,,,,,,,,,,,,,,,,,,,,,,,,,,,,,,,,,,,,,,,,,,,,,,,,,,,,,,,,374.26637389999814,374.27902660000836,374.27902660000836,374.27902660000836,374.27902660000836,374.27902660000836,374.27902660000836,374.27902660000836,0.0009814999648369849,374.27902660000836,376.74511670001084,[0.045572916666666664],[0.3177083333333333],[1],[0],[0],[2.477413400018122],[1],['clear_anger'],376.7464427999803,376.7599556000205,0.0006887000054121017,376.7599556000205,376.7599556000205,376.7599556000205,376.7599556000205,376.7599556000205,376.7599556000205,376.7599556000205,380.2265357999713,[-0.3424479166666667],[-0.18229166666666666],[1],[0],[0],[3.478561100026127],[1],['clear_anger_main'],,,,04S,001,2024-12-03_20h12.43.248,SOLO_PROJECT_EXPERIMENT_NUTAN_KAIN_AU2220019,2024.1.5,None,2024-12-03 20h13.03.712902 +0530,
,,,,26,0,26,0,380.24110799998743,,,,,,,,,,,,,,,,,,,,,,,,,,,,,,,,,,,,,,,,,,,,,,,,,,,,,,,,,,,,,,,380.2290033000172,380.24110799998743,380.24110799998743,380.24110799998743,380.24110799998743,380.24110799998743,380.24110799998743,380.24110799998743,0.0013131999876350164,380.24110799998743,381.558451400022,[-0.18229166666666666],[0.0703125],[1],[0],[0],[1.327484600013122],[1],['clear_anger'],381.5611848999979,381.575852399983,0.0012202999787405133,381.575852399983,381.575852399983,381.575852399983,381.575852399983,381.575852399983,381.575852399983,381.575852399983,382.95571710000513,[0.3697916666666667],[0.21744791666666666],[1],[0],[0],[1.3926079999655485],[1],['clear_anger_main'],,,,04S,001,2024-12-03_20h12.43.248,SOLO_PROJECT_EXPERIMENT_NUTAN_KAIN_AU2220019,2024.1.5,None,2024-12-03 20h13.03.712902 +0530,
,,,,27,0,27,0,382.9701548999874,,,,,,,,,,,,,,,,,,,,,,,,,,,,,,,,,,,,,,,,,,,,,,,,,,,,,,,,,,,,,,,382.95732220000355,382.9701548999874,382.9701548999874,382.9701548999874,382.9701548999874,382.9701548999874,382.9701548999874,382.9701548999874,0.0009089000523090363,382.9701548999874,384.22212210000725,[-0.5338541666666666],[0.10286458333333333],[1],[0],[0],[1.2630929999868385],[1],['clear_anger'],384.22420900000725,384.236582499987,0.0009752000332809985,384.236582499987,384.236582499987,384.236582499987,384.236582499987,384.236582499987,384.236582499987,384.236582499987,386.26915309997275,[0.25],[-0.30859375],[1],[0],[0],[2.0431046000448987],[1],['clear_anger_main'],,,,04S,001,2024-12-03_20h12.43.248,SOLO_PROJECT_EXPERIMENT_NUTAN_KAIN_AU2220019,2024.1.5,None,2024-12-03 20h13.03.712902 +0530,
,,,,28,0,28,0,386.2838355000131,,,,,,,,,,,,,,,,,,,,,,,,,,,,,,,,,,,,,,,,,,,,,,,,,,,,,,,,,,,,,,,386.27138180000475,386.2838355000131,386.2838355000131,386.2838355000131,386.2838355000131,386.2838355000131,386.2838355000131,386.2838355000131,0.0013519999920390546,386.2838355000131,387.8861673999927,[0.41796875],[-0.08072916666666667],[1],[0],[0],[1.6128360999864526],[1],['clear_anger'],387.8887269999832,387.9032344999723,0.0010715000098571181,387.9032344999723,387.9032344999723,387.9032344999723,387.9032344999723,387.9032344999723,387.9032344999723,387.9032344999723,389.16666899999836,[0.20182291666666666],[-0.048177083333333336],[1],[0],[0],[1.2761325999745168],[1],['clear_anger_main'],,,,04S,001,2024-12-03_20h12.43.248,SOLO_PROJECT_EXPERIMENT_NUTAN_KAIN_AU2220019,2024.1.5,None,2024-12-03 20h13.03.712902 +0530,
,,,,29,0,29,0,389.18144850002136,,,,,,,,,,,,,,,,,,,,,,,,,,,,,,,,,,,,,,,,,,,,,,,,,,,,,,,,,,,,,,,389.1688186000101,389.18144850002136,389.18144850002136,389.18144850002136,389.18144850002136,389.18144850002136,389.18144850002136,389.18144850002136,0.0010560000082477927,389.18144850002136,391.2157303999993,[-0.041666666666666664],[-0.037760416666666664],[1],[0],[0],[2.0453706000116654],[1],['clear_anger'],391.21772429998964,391.22946579998825,0.0008292000275105238,391.22946579998825,391.22946579998825,391.22946579998825,391.22946579998825,391.22946579998825,391.22946579998825,391.22946579998825,392.96326099999715,[0.13671875],[0.2825520833333333],[1],[0],[0],[1.7439681999967434],[1],['clear_anger_main'],,,,04S,001,2024-12-03_20h12.43.248,SOLO_PROJECT_EXPERIMENT_NUTAN_KAIN_AU2220019,2024.1.5,None,2024-12-03 20h13.03.712902 +0530,
,,,,30,0,30,0,392.97768120002,,,,,,,,,,,,,,,,,,,,,,,,,,,,,,,,,,,,,,,,,,,,,,,,,,,,,,,,,,,,,,,392.96560820000013,392.97768120002,392.97768120002,392.97768120002,392.97768120002,392.97768120002,392.97768120002,392.97768120002,0.0012447000481188297,392.97768120002,394.2448560000048,[0.3046875],[0.09895833333333333],[1],[0],[0],[1.277541299990844],[1],['clear_anger'],394.24701059999643,394.2603674000129,0.0012267999700270593,394.2603674000129,394.2603674000129,394.2603674000129,394.2603674000129,394.2603674000129,394.2603674000129,394.2603674000129,395.4770381000126,[-0.08203125],[0.078125],[1],[0],[0],[1.228218900039792],[1],['clear_anger_main'],,,,04S,001,2024-12-03_20h12.43.248,SOLO_PROJECT_EXPERIMENT_NUTAN_KAIN_AU2220019,2024.1.5,None,2024-12-03 20h13.03.712902 +0530,
,,,,31,0,31,0,395.4915790000232,,,,,,,,,,,,,,,,,,,,,,,,,,,,,,,,,,,,,,,,,,,,,,,,,,,,,,,,,,,,,,,395.47848340001656,395.4915790000232,395.4915790000232,395.4915790000232,395.4915790000232,395.4915790000232,395.4915790000232,395.4915790000232,0.0007458000327460468,395.4915790000232,397.3257461999892,[0.12630208333333334],[0.4270833333333333],[1],[0],[0],[1.8460513000027277],[1],['clear_anger'],397.32755069999257,397.3400333999889,0.0007167000439949334,397.3400333999889,397.3400333999889,397.3400333999889,397.3400333999889,397.3400333999889,397.3400333999889,397.3400333999889,398.90698390000034,[0.11328125],[-0.2825520833333333],[1],[0],[0],[1.5779678999679163],[1],['clear_anger_main'],,,,04S,001,2024-12-03_20h12.43.248,SOLO_PROJECT_EXPERIMENT_NUTAN_KAIN_AU2220019,2024.1.5,None,2024-12-03 20h13.03.712902 +0530,
,,,,32,0,32,0,398.92121749999933,,,,,,,,,,,,,,,,,,,,,,,,,,,,,,,,,,,,,,,,,,,,,,,,,,,,,,,,,,,,,,,398.9090787000023,398.92121749999933,398.92121749999933,398.92121749999933,398.92121749999933,398.92121749999933,398.92121749999933,398.92121749999933,0.0011676999856717885,398.92121749999933,400.4222319999826,[-0.20182291666666666],[-0.25390625],[1],[0],[0],[1.5114885999937542],[1],['clear_anger'],400.4249733000179,400.43671979999635,0.000993399997241795,400.43671979999635,400.43671979999635,400.43671979999635,400.43671979999635,400.43671979999635,400.43671979999635,400.43671979999635,401.90437230002135,[-0.036458333333333336],[-0.061197916666666664],[1],[0],[0],[1.4774782999884337],[1],['clear_anger_main'],,,,04S,001,2024-12-03_20h12.43.248,SOLO_PROJECT_EXPERIMENT_NUTAN_KAIN_AU2220019,2024.1.5,None,2024-12-03 20h13.03.712902 +0530,
,,,,33,0,33,0,401.92045779997716,,,,,,,,,,,,,,,,,,,,,,,,,,,,,,,,,,,,,,,,,,,,,,,,,,,,,,,,,,,,,,,401.90709120000247,401.92045779997716,401.92045779997716,401.92045779997716,401.92045779997716,401.92045779997716,401.92045779997716,401.92045779997716,0.001367200049571693,401.92045779997716,403.13752889999887,[0.11588541666666667],[0.2747395833333333],[1],[0],[0],[1.2283759999554604],[1],['clear_anger'],403.1399108999758,403.15315029997146,0.0011935000075027347,403.15315029997146,403.15315029997146,403.15315029997146,403.15315029997146,403.15315029997146,403.15315029997146,403.15315029997146,404.16966170002706,[0.3932291666666667],[0.3098958333333333],[1],[0],[0],[1.0277253999956883],[1],['clear_anger_main'],,,,04S,001,2024-12-03_20h12.43.248,SOLO_PROJECT_EXPERIMENT_NUTAN_KAIN_AU2220019,2024.1.5,None,2024-12-03 20h13.03.712902 +0530,
,,,,34,0,34,0,404.18662950000726,,,,,,,,,,,,,,,,,,,,,,,,,,,,,,,,,,,,,,,,,,,,,,,,,,,,,,,,,,,,,,,404.17252399999416,404.18662950000726,404.18662950000726,404.18662950000726,404.18662950000726,404.18662950000726,404.18662950000726,404.18662950000726,0.0014934000209905207,404.18662950000726,407.3650703000021,[0.4661458333333333],[-0.049479166666666664],[1],[0],[0],[3.190875100030098],[1],['clear_anger'],407.366204400023,407.37965999997687,0.0004771000239998102,407.37965999997687,407.37965999997687,407.37965999997687,407.37965999997687,407.37965999997687,407.37965999997687,407.37965999997687,409.09681499999715,[-0.3450520833333333],[-0.43359375],[1],[0],[0],[1.72955649998039],[1],['clear_anger_main'],,,,04S,001,2024-12-03_20h12.43.248,SOLO_PROJECT_EXPERIMENT_NUTAN_KAIN_AU2220019,2024.1.5,None,2024-12-03 20h13.03.712902 +0530,
,,,,35,0,35,0,409.1113849999965,,,,,,,,,,,,,,,,,,,,,,,,,,,,,,,,,,,,,,,,,,,,,,,,,,,,,,,,,,,,,,,409.0987231999752,409.1113849999965,409.1113849999965,409.1113849999965,409.1113849999965,409.1113849999965,409.1113849999965,409.1113849999965,0.0009689999860711396,409.1113849999965,410.3952708999859,[0.22526041666666666],[0.14192708333333334],[1],[0],[0],[1.295162700000219],[1],['clear_anger'],410.39715460001025,410.40992840001127,0.0007688000332564116,410.40992840001127,410.40992840001127,410.40992840001127,410.40992840001127,410.40992840001127,410.40992840001127,410.40992840001127,411.82847960002255,[0.11328125],[-0.3333333333333333],[1],[0],[0],[1.4296215999638662],[1],['clear_anger_main'],,,,04S,001,2024-12-03_20h12.43.248,SOLO_PROJECT_EXPERIMENT_NUTAN_KAIN_AU2220019,2024.1.5,None,2024-12-03 20h13.03.712902 +0530,
,,,,36,0,36,0,411.84230050002225,,,,,,,,,,,,,,,,,,,,,,,,,,,,,,,,,,,,,,,,,,,,,,,,,,,,,,,,,,,,,,,411.83095949998824,411.84230050002225,411.84230050002225,411.84230050002225,411.84230050002225,411.84230050002225,411.84230050002225,411.84230050002225,0.0011730000260286033,411.84230050002225,413.49254619999556,[-0.2421875],[-0.4765625],[1],[0],[0],[1.6601447999710217],[1],['clear_anger'],413.4939273999771,413.5072161999997,0.0006476000417023897,413.5072161999997,413.5072161999997,413.5072161999997,413.5072161999997,413.5072161999997,413.5072161999997,413.5072161999997,415.07488460000604,[0.421875],[-0.0390625],[1],[0],[0],[1.579656999965664],[1],['clear_anger_main'],,,,04S,001,2024-12-03_20h12.43.248,SOLO_PROJECT_EXPERIMENT_NUTAN_KAIN_AU2220019,2024.1.5,None,2024-12-03 20h13.03.712902 +0530,
,,,,37,0,37,0,415.08877480000956,,,,,,,,,,,,,,,,,,,,,,,,,,,,,,,,,,,,,,,,,,,,,,,,,,,,,,,,,,,,,,,415.0769116000156,415.08877480000956,415.08877480000956,415.08877480000956,415.08877480000956,415.08877480000956,415.08877480000956,415.08877480000956,0.001096600026357919,415.08877480000956,416.77349529997446,[0.0546875],[-0.3229166666666667],[1],[0],[0],[1.6949592999881133],[1],['clear_anger'],416.77539979998255,416.7874485999928,0.0007991999736987054,416.7874485999928,416.7874485999928,416.7874485999928,416.7874485999928,416.7874485999928,416.7874485999928,416.7874485999928,417.98769819998415,[-0.4739583333333333],[0.3072916666666667],[1],[0],[0],[1.2108116999734193],[1],['clear_anger_main'],,,,04S,001,2024-12-03_20h12.43.248,SOLO_PROJECT_EXPERIMENT_NUTAN_KAIN_AU2220019,2024.1.5,None,2024-12-03 20h13.03.712902 +0530,
,,,,38,0,38,0,418.00217649998376,,,,,,,,,,,,,,,,,,,,,,,,,,,,,,,,,,,,,,,,,,,,,,,,,,,,,,,,,,,,,,,417.98966690001544,418.00217649998376,418.00217649998376,418.00217649998376,418.00217649998376,418.00217649998376,418.00217649998376,418.00217649998376,0.0009594999719411135,418.00217649998376,419.91958440002054,[0.27734375],[0.140625],[1],[0],[0],[1.9286340000107884],[1],['clear_anger'],419.9212711,419.9340313000139,0.0007448000251315534,419.9340313000139,419.9340313000139,419.9340313000139,419.9340313000139,419.9340313000139,419.9340313000139,419.9340313000139,421.685644400015,[-0.061197916666666664],[-0.17578125],[1],[0],[0],[1.7629086000379175],[1],['clear_anger_main'],,,,04S,001,2024-12-03_20h12.43.248,SOLO_PROJECT_EXPERIMENT_NUTAN_KAIN_AU2220019,2024.1.5,None,2024-12-03 20h13.03.712902 +0530,
,,,,39,0,39,0,421.699234300002,,,,,,,,,,,,,,,,,,,,,,,,,,,,,,,,,,,,,,,,,,,,,,,,,,,,,,,,,,,,,,,421.68761600001017,421.699234300002,421.699234300002,421.699234300002,421.699234300002,421.699234300002,421.699234300002,421.699234300002,0.0010731000220403075,421.699234300002,423.0832656000275,[-0.3958333333333333],[0.13020833333333334],[1],[0],[0],[1.3940639999927953],[1],['clear_anger'],423.0851996000274,423.09812929999316,0.0008437999640591443,423.09812929999316,423.09812929999316,423.09812929999316,423.09812929999316,423.09812929999316,423.09812929999316,423.09812929999316,424.6495823999867,[-0.2552083333333333],[0.3372395833333333],[1],[0],[0],[1.5625014000106603],[1],['clear_anger_main'],,,,04S,001,2024-12-03_20h12.43.248,SOLO_PROJECT_EXPERIMENT_NUTAN_KAIN_AU2220019,2024.1.5,None,2024-12-03 20h13.03.712902 +0530,
,,,,40,0,40,0,424.66818360000616,,,,,,,,,,,,,,,,,,,,,,,,,,,,,,,,,,,,,,,,,,,,,,,,,,,,,,,,,,,,,,,424.65272449998884,424.66818360000616,424.66818360000616,424.66818360000616,424.66818360000616,424.66818360000616,424.66818360000616,424.66818360000616,0.0016614000196568668,424.66818360000616,425.7810308000189,[-0.2786458333333333],[0.3125],[1],[0],[0],[1.1263557999627665],[1],['clear_anger'],425.78247959999135,425.7946237999713,0.0006898000137880445,425.7946237999713,425.7946237999713,425.7946237999713,425.7946237999713,425.7946237999713,425.7946237999713,425.7946237999713,427.2634195999708,[0.1328125],[0.11979166666666667],[1],[0],[0],[1.4794746999978088],[1],['clear_anger_main'],,,,04S,001,2024-12-03_20h12.43.248,SOLO_PROJECT_EXPERIMENT_NUTAN_KAIN_AU2220019,2024.1.5,None,2024-12-03 20h13.03.712902 +0530,
,,,,41,0,41,0,427.2771423999802,,,,,,,,,,,,,,,,,,,,,,,,,,,,,,,,,,,,,,,,,,,,,,,,,,,,,,,,,,,,,,,427.2656927999924,427.2771423999802,427.2771423999802,427.2771423999802,427.2771423999802,427.2771423999802,427.2771423999802,427.2771423999802,0.0012009000056423247,427.2771423999802,428.72680220002076,[-0.2890625],[-0.11588541666666667],[1],[0],[0],[1.4595910999923944],[1],['clear_anger'],428.7283166999696,428.741900300025,0.0006341999978758395,428.741900300025,428.741900300025,428.741900300025,428.741900300025,428.741900300025,428.741900300025,428.741900300025,430.04394689999754,[0.328125],[0.09895833333333333],[1],[0],[0],[1.31422639999073],[1],['clear_anger_main'],,,,04S,001,2024-12-03_20h12.43.248,SOLO_PROJECT_EXPERIMENT_NUTAN_KAIN_AU2220019,2024.1.5,None,2024-12-03 20h13.03.712902 +0530,
,,,,42,0,42,0,430.0580440000049,,,,,,,,,,,,,,,,,,,,,,,,,,,,,,,,,,,,,,,,,,,,,,,,,,,,,,,,,,,,,,,430.0460729000042,430.0580440000049,430.0580440000049,430.0580440000049,430.0580440000049,430.0580440000049,430.0580440000049,430.0580440000049,0.0011825999827124178,430.0580440000049,431.9237452999805,[0.4127604166666667],[0.40234375],[1],[0],[0],[1.8761586000327952],[1],['clear_anger'],431.92501369997626,431.9386627000058,0.000507200020365417,431.9386627000058,431.9386627000058,431.9386627000058,431.9386627000058,431.9386627000058,431.9386627000058,431.9386627000058,433.7894262999762,[-0.33203125],[-0.12369791666666667],[1],[0],[0],[1.8631154000177048],[1],['clear_anger_main'],,,,04S,001,2024-12-03_20h12.43.248,SOLO_PROJECT_EXPERIMENT_NUTAN_KAIN_AU2220019,2024.1.5,None,2024-12-03 20h13.03.712902 +0530,
,,,,43,0,43,0,433.80399220000254,,,,,,,,,,,,,,,,,,,,,,,,,,,,,,,,,,,,,,,,,,,,,,,,,,,,,,,,,,,,,,,433.791773999983,433.80399220000254,433.80399220000254,433.80399220000254,433.80399220000254,433.80399220000254,433.80399220000254,433.80399220000254,0.0011531999916769564,433.80399220000254,435.2372542999801,[0.4973958333333333],[-0.059895833333333336],[1],[0],[0],[1.4440860000322573],[1],['clear_anger'],435.23845499998424,435.2526052999892,0.0004799999878741801,435.2526052999892,435.2526052999892,435.2526052999892,435.2526052999892,435.2526052999892,435.2526052999892,435.2526052999892,438.8692012000247,[0.057291666666666664],[-0.3997395833333333],[1],[0],[0],[3.629506700031925],[1],['clear_anger_main'],,,,04S,001,2024-12-03_20h12.43.248,SOLO_PROJECT_EXPERIMENT_NUTAN_KAIN_AU2220019,2024.1.5,None,2024-12-03 20h13.03.712902 +0530,
,,,,44,0,44,0,438.8827268999885,,,,,,,,,,,,,,,,,,,,,,,,,,,,,,,,,,,,,,,,,,,,,,,,,,,,,,,,,,,,,,,438.87142709997715,438.8827268999885,438.8827268999885,438.8827268999885,438.8827268999885,438.8827268999885,438.8827268999885,438.8827268999885,0.001339100010227412,438.8827268999885,440.00003970001126,[0.11979166666666667],[0.12369791666666667],[1],[0],[0],[1.1271730000153184],[1],['clear_anger'],440.00131859997055,440.01462179998634,0.0005144999595358968,440.01462179998634,440.01462179998634,440.01462179998634,440.01462179998634,440.01462179998634,440.01462179998634,440.01462179998634,441.6328999000252,[0.1796875],[0.23046875],[1],[0],[0],[1.6303971000015736],[1],['clear_anger_main'],,,,04S,001,2024-12-03_20h12.43.248,SOLO_PROJECT_EXPERIMENT_NUTAN_KAIN_AU2220019,2024.1.5,None,2024-12-03 20h13.03.712902 +0530,
,,,,45,0,45,0,441.6463757000165,,,,,,,,,,,,,,,,,,,,,,,,,,,,,,,,,,,,,,,,,,,,,,,,,,,,,,,,,,,,,,,441.6351762000122,441.6463757000165,441.6463757000165,441.6463757000165,441.6463757000165,441.6463757000165,441.6463757000165,441.6463757000165,0.0011915999930351973,441.6463757000165,443.3314038999961,[-0.3489583333333333],[-0.1328125],[1],[0],[0],[1.694624499999918],[1],['clear_anger'],443.3334449999966,443.34587369998917,0.0008736000163480639,443.34587369998917,443.34587369998917,443.34587369998917,443.34587369998917,443.34587369998917,443.34587369998917,443.34587369998917,445.71127969998633,[-0.14192708333333334],[-0.3059895833333333],[1],[0],[0],[2.376314299996011],[1],['clear_anger_main'],,,,04S,001,2024-12-03_20h12.43.248,SOLO_PROJECT_EXPERIMENT_NUTAN_KAIN_AU2220019,2024.1.5,None,2024-12-03 20h13.03.712902 +0530,
,,,,46,0,46,0,445.72501910000574,,,,,,,,,,,,,,,,,,,,,,,,,,,,,,,,,,,,,,,,,,,,,,,,,,,,,,,,,,,,,,,445.7132852000068,445.72501910000574,445.72501910000574,445.72501910000574,445.72501910000574,445.72501910000574,445.72501910000574,445.72501910000574,0.0010645999573171139,445.72501910000574,446.9945914000273,[0.06510416666666667],[-0.07942708333333333],[1],[0],[0],[1.2798159000230953],[1],['clear_anger'],446.9965671999962,447.0087023000233,0.0008727999520488083,447.0087023000233,447.0087023000233,447.0087023000233,447.0087023000233,447.0087023000233,447.0087023000233,447.0087023000233,448.75880409998354,[0.13671875],[-0.19010416666666666],[1],[0],[0],[1.760638099978678],[1],['clear_anger_main'],,,,04S,001,2024-12-03_20h12.43.248,SOLO_PROJECT_EXPERIMENT_NUTAN_KAIN_AU2220019,2024.1.5,None,2024-12-03 20h13.03.712902 +0530,
,,,,47,0,47,0,448.7727113000001,,,,,,,,,,,,,,,,,,,,,,,,,,,,,,,,,,,,,,,,,,,,,,,,,,,,,,,,,,,,,,,448.7609115000232,448.7727113000001,448.7727113000001,448.7727113000001,448.7727113000001,448.7727113000001,448.7727113000001,448.7727113000001,0.0010690000490285456,448.7727113000001,450.3401071000262,[-0.13671875],[0.4401041666666667],[1],[0],[0],[1.5776769999647513],[1],['clear_anger'],450.3419134999858,450.3542278999812,0.000744100019801408,450.3542278999812,450.3542278999812,450.3542278999812,450.3542278999812,450.3542278999812,450.3542278999812,450.3542278999812,452.4874024000019,[0.2669270833333333],[-0.2591145833333333],[1],[0],[0],[2.1440009000361897],[1],['clear_anger_main'],,,,04S,001,2024-12-03_20h12.43.248,SOLO_PROJECT_EXPERIMENT_NUTAN_KAIN_AU2220019,2024.1.5,None,2024-12-03 20h13.03.712902 +0530,
,,,,48,0,48,0,452.50177829997847,,,,,,,,,,,,,,,,,,,,,,,,,,,,,,,,,,,,,,,,,,,,,,,,,,,,,,,,,,,,,,,452.48940710001625,452.50177829997847,452.50177829997847,452.50177829997847,452.50177829997847,452.50177829997847,452.50177829997847,452.50177829997847,0.0010074999881908298,452.50177829997847,453.60413469997,[-0.22786458333333334],[0.4270833333333333],[1],[0],[0],[1.1133340999949723],[1],['clear_anger'],453.60583680000855,453.6180321999709,0.0007847999804653227,453.6180321999709,453.6180321999709,453.6180321999709,453.6180321999709,453.6180321999709,453.6180321999709,453.6180321999709,455.78499489999376,[-0.3723958333333333],[-0.3098958333333333],[1],[0],[0],[2.1775945000117645],[1],['clear_anger_main'],,,,04S,001,2024-12-03_20h12.43.248,SOLO_PROJECT_EXPERIMENT_NUTAN_KAIN_AU2220019,2024.1.5,None,2024-12-03 20h13.03.712902 +0530,
,,,,49,0,49,0,455.799159999995,,,,,,,,,,,,,,,,,,,,,,,,,,,,,,,,,,,,,,,,,,,,,,,,,,,,,,,,,,,,,,,455.7872830000124,455.799159999995,455.799159999995,455.799159999995,455.799159999995,455.799159999995,455.799159999995,455.799159999995,0.001325200020801276,455.799159999995,456.70002280001063,[0.20182291666666666],[-0.006510416666666667],[1],[0],[0],[0.9109107000404038],[],[],456.7017006999813,456.71489250002196,0.0007269999478012323,456.71489250002196,456.71489250002196,456.71489250002196,456.71489250002196,456.71489250002196,456.71489250002196,456.71489250002196,458.6653034000192,[0.2513020833333333],[-0.36328125],[1],[0],[0],[1.9621564000262879],[1],['clear_anger_main'],,,,04S,001,2024-12-03_20h12.43.248,SOLO_PROJECT_EXPERIMENT_NUTAN_KAIN_AU2220019,2024.1.5,None,2024-12-03 20h13.03.712902 +0530,
,,,,,,,,,,,,,,,,,,,,,,,,,,,,,,,,,,,,,,,,,,,,,,,,,,,,,,,,,,,,,,,,,,,,,,,,,,,,,,,,,,,,,,,,,,,,,,,,,,,,,,,,,,,,,458.66716090001864,458.6799531999859,461.67870569997467,04S,001,2024-12-03_20h12.43.248,SOLO_PROJECT_EXPERIMENT_NUTAN_KAIN_AU2220019,2024.1.5,None,2024-12-03 20h13.03.712902 +0530,
